-0.661534 0.463804 0.064445 
-0.685503 0.442564 0.105271 
-0.683919 0.474763 0.095441 
-0.660048 0.208348 0.091560 
-0.656562 0.213106 0.058527 
-0.665309 0.182076 0.074628 
-0.201021 0.331568 0.132923 
-0.209271 0.316695 0.165524 
-0.197564 0.305896 0.199309 
-0.556187 0.739331 -0.368427 
-0.550887 0.712230 -0.320445 
-0.517677 0.729732 -0.384989 
-0.239654 0.302688 0.198479 
-0.218540 0.284360 0.228415 
-0.465435 -0.293262 0.326163 
-0.434855 -0.277920 0.330431 
-0.461453 -0.274218 0.306371 
-0.013738 0.377301 0.125033 
-0.061781 0.370671 0.128943 
-0.026062 0.370780 0.166254 
-0.428052 0.550352 0.193880 
-0.432766 0.541864 0.226435 
-0.416156 0.543935 0.171992 
-0.639941 -0.038449 0.068465 
-0.648557 -0.026066 0.125808 
-0.658803 -0.006665 0.080515 
-0.524283 0.520594 -0.306085 
-0.530476 0.530496 -0.340377 
-0.509748 0.539279 -0.345940 
-0.678734 0.045568 0.108724 
-0.684846 0.074872 0.136127 
-0.683213 0.059122 0.088999 
0.446617 -0.088667 0.135878 
0.438250 -0.094155 0.161662 
0.446253 -0.115106 0.167974 
-0.257348 0.733216 -0.062514 
-0.302024 0.703518 -0.057892 
-0.271503 0.719545 -0.037200 
-0.068696 0.364690 0.168336 
-0.620995 -0.067082 0.054276 
-0.639971 -0.034869 0.035669 
-0.537711 0.666922 -0.199803 
-0.556049 0.671425 -0.206445 
-0.530671 0.634285 -0.131591 
-0.488158 0.608313 -0.153337 
-0.496437 0.586298 -0.096257 
-0.483823 0.571670 -0.105760 
-0.491944 0.696667 -0.376198 
-0.508571 0.687107 -0.321954 
-0.488545 0.658168 -0.311275 
-0.387368 -0.350530 -0.094618 
-0.365853 -0.364283 -0.117831 
-0.393578 -0.367395 -0.092338 
-0.519554 0.672103 -0.241707 
-0.541991 0.684476 -0.250391 
-0.502926 0.656021 -0.233539 
-0.528359 0.692971 -0.298152 
-0.530167 0.602328 -0.070237 
-0.541562 0.608041 -0.074378 
-0.513045 0.575402 -0.047407 
-0.555234 0.641009 -0.139185 
-0.224901 0.086845 -0.190537 
-0.252566 0.108182 -0.179032 
-0.214924 0.133889 -0.180207 
-0.116370 0.351897 0.164655 
-0.153692 0.330473 0.180269 
-0.124045 0.321180 0.226037 
-0.710655 0.375392 0.152230 
-0.692007 0.407457 0.165690 
-0.704871 0.383271 0.117926 
-0.059735 0.354674 -0.014849 
-0.103124 0.359353 0.045618 
-0.023748 0.373909 0.043125 
-0.542313 -0.362683 -0.005990 
-0.537906 -0.338957 -0.007122 
-0.525762 -0.356783 -0.039792 
-0.700916 0.269748 0.235455 
-0.708722 0.297500 0.249848 
-0.706908 0.301964 0.223585 
-0.644518 -0.008200 0.169510 
-0.657503 0.006441 0.149351 
-0.082052 0.367595 0.084018 
-0.042804 0.374197 0.080367 
-0.285948 -0.260762 -0.131045 
-0.287457 -0.246603 -0.088851 
-0.271781 -0.247634 -0.098319 
-0.585823 0.560142 0.060899 
-0.604048 0.562257 0.115719 
-0.563213 0.568032 0.109742 
-0.519260 0.253214 -0.072684 
-0.541628 0.262234 -0.060805 
-0.515022 0.283484 -0.066718 
-0.682604 0.135606 0.102546 
-0.667977 0.184463 0.104287 
-0.023287 0.362182 -0.008168 
-0.675282 0.520932 0.199038 
-0.636597 0.518186 0.257859 
-0.661349 0.533014 0.197748 
-0.009315 0.110040 0.411278 
0.030935 0.107103 0.404560 
0.023540 0.126132 0.386209 
-0.622823 0.557340 0.150533 
-0.588491 0.561022 0.187503 
-0.720649 0.339124 0.146921 
-0.712884 0.344730 0.103210 
0.018288 0.380772 0.091365 
-0.566358 0.701216 -0.290307 
-0.179285 0.338944 0.126968 
-0.621046 0.550314 0.197920 
-0.624524 0.540301 0.226641 
0.007401 0.373252 0.019768 
0.027333 0.378959 0.055091 
-0.628133 -0.047327 0.126424 
-0.623823 -0.063678 0.085301 
-0.513690 0.610701 -0.104957 
-0.483860 0.636068 -0.251395 
-0.687880 0.389589 0.045258 
-0.678226 0.416146 0.054626 
-0.668237 0.396987 0.018322 
0.049760 0.368530 0.007098 
0.086725 0.125646 -0.175958 
0.116436 0.100688 -0.186756 
0.079971 0.109878 -0.197928 
-0.526863 0.571071 -0.015067 
-0.551953 0.589715 -0.041453 
-0.083043 0.344776 0.210740 
-0.569266 0.570816 -0.019835 
-0.563606 0.562395 0.017953 
0.019044 0.367081 0.189890 
-0.032434 0.361834 0.197395 
-0.011876 0.349592 0.223407 
-0.677348 0.099948 0.060632 
-0.683953 0.105690 0.108787 
-0.679343 0.133024 0.073140 
-0.576275 0.661731 -0.204760 
-0.676110 0.224990 0.096898 
-0.692072 0.236583 0.123355 
-0.692347 0.244004 0.078538 
-0.050336 0.340956 0.231000 
-0.035169 0.324665 0.255803 
-0.387605 0.542300 0.090307 
-0.383967 0.580316 0.071796 
-0.400612 0.544883 0.098795 
-0.712084 0.278236 0.178543 
-0.720239 0.307767 0.180118 
-0.715659 0.275818 0.142622 
-0.618267 0.334613 0.398588 
-0.603772 0.356916 0.406184 
-0.622508 0.369271 0.398300 
-0.588891 0.383123 0.400935 
-0.609696 0.402643 0.389684 
-0.546031 0.758501 -0.423984 
-0.566744 0.749481 -0.388189 
-0.537878 0.755893 -0.406361 
-0.603251 0.507216 0.301589 
-0.603221 0.528296 0.268642 
-0.361567 0.620231 0.046420 
-0.396175 0.602348 0.054583 
-0.437636 0.559873 0.147668 
-0.705149 0.251804 0.130052 
-0.596723 0.318811 0.398448 
-0.599436 0.439259 0.369348 
-0.590415 0.488005 0.329559 
-0.618607 0.437391 0.361933 
-0.455296 0.557286 0.201553 
-0.458943 0.542609 0.251338 
-0.567779 0.624879 -0.118717 
-0.238577 -0.290067 0.380442 
-0.238233 -0.317222 0.392146 
-0.202307 -0.280996 0.391435 
-0.699704 0.383336 0.081300 
-0.403757 -0.087917 -0.113603 
-0.420831 -0.028381 -0.150978 
-0.389953 -0.046602 -0.138990 
-0.488504 0.351084 -0.065338 
-0.539510 0.367942 -0.066969 
-0.523242 0.406407 -0.063706 
-0.431584 0.580672 0.062504 
-0.440843 0.564110 0.099221 
-0.417594 0.561150 0.096388 
-0.578663 0.331863 0.405710 
-0.580688 0.431065 0.376129 
0.332554 0.074260 -0.020228 
0.316689 0.080720 -0.057002 
0.314238 0.119895 -0.030383 
-0.658618 0.005879 0.048635 
-0.663173 0.019426 0.094910 
-0.196110 0.334915 0.034801 
-0.179647 0.343271 0.084042 
-0.680825 0.080812 0.080778 
-0.721285 0.305970 0.136831 
-0.492601 0.547389 -0.039113 
0.059144 0.379610 0.089285 
0.045170 0.379108 0.128573 
-0.565790 0.475857 0.343866 
-0.401326 -0.261559 0.113553 
-0.384336 -0.249934 0.131179 
-0.388897 -0.222200 0.110476 
0.064357 0.375291 0.047959 
-0.585140 0.267003 0.393498 
-0.564615 0.298918 0.408068 
-0.555336 0.368764 0.394865 
-0.569137 0.407120 0.387381 
-0.113292 0.041925 -0.292831 
-0.100107 0.068576 -0.280162 
-0.071509 0.027672 -0.291268 
-0.305219 0.515288 0.012241 
-0.282710 0.526070 -0.015569 
-0.268249 0.536731 -0.001015 
-0.705630 0.331951 0.069996 
-0.675575 0.437042 0.081319 
-0.663313 0.433350 0.034831 
-0.292979 -0.208630 -0.083342 
-0.295174 -0.179592 -0.087931 
-0.269488 -0.202659 -0.080589 
-0.246525 0.048832 -0.192059 
-0.280903 0.052430 -0.182413 
-0.557898 0.278671 0.405307 
-0.575164 0.516492 0.299395 
-0.554580 0.502325 0.318792 
-0.665198 0.372841 0.006967 
-0.684443 0.357001 0.034740 
-0.673223 0.045385 0.037058 
-0.466825 0.397851 -0.055215 
-0.497944 0.447400 -0.058730 
-0.470235 0.447636 -0.047944 
-0.541316 0.311358 0.407144 
-0.555191 0.452322 0.359011 
-0.572396 0.250559 0.388050 
-0.552187 0.256725 0.394881 
-0.470533 0.680517 -0.471372 
-0.470137 0.713575 -0.463366 
-0.465917 0.674192 -0.464954 
-0.666908 0.078770 0.032143 
-0.236760 0.646109 -0.124120 
-0.179257 0.660635 -0.143850 
-0.218078 0.613540 -0.112999 
0.328735 0.121422 0.007840 
0.315313 0.166663 0.020451 
0.330287 0.135145 0.038329 
0.384547 -0.221754 -0.026111 
0.403928 -0.228538 -0.004744 
0.393073 -0.254624 0.007949 
-0.260377 0.608992 -0.105364 
-0.502077 0.487682 -0.145011 
-0.486179 0.506004 -0.154147 
-0.480677 0.497858 -0.100104 
0.028786 0.233874 0.317116 
0.050846 0.266967 0.295883 
0.006183 0.263891 0.306973 
0.351102 -0.257272 -0.029588 
0.311435 0.181462 0.057374 
0.327695 0.146235 0.072414 
0.416887 -0.196853 -0.005056 
-0.406562 0.419762 -0.012671 
-0.384903 0.423038 0.014923 
-0.386238 0.394066 -0.008309 
-0.124364 0.356455 0.127502 
0.027689 0.374206 0.161777 
-0.530136 0.102712 0.321963 
-0.538454 0.146617 0.304119 
-0.561253 0.104010 0.307303 
-0.535824 0.275892 0.402858 
0.010526 -0.225450 0.406182 
0.015787 -0.242248 0.399618 
0.027730 -0.218603 0.408273 
-0.525033 0.480186 0.328938 
0.378873 -0.290309 0.111448 
0.326473 -0.319646 0.068262 
0.356845 -0.300630 0.050171 
0.437954 -0.167048 0.014434 
0.438835 -0.197101 0.030757 
0.343600 -0.006575 0.004671 
0.347811 0.039359 0.029702 
0.353478 -0.033848 0.052840 
-0.459057 -0.308623 0.175416 
-0.423023 -0.297032 0.146240 
-0.467142 -0.336360 0.150637 
-0.660269 0.175702 0.045717 
-0.644355 0.212225 0.028351 
-0.638055 0.194454 0.005792 
-0.574053 -0.116514 0.078289 
-0.589745 -0.091528 0.038674 
-0.569585 -0.115569 0.035883 
-0.513808 0.132755 0.317874 
-0.517316 0.195174 0.290549 
-0.551332 0.180083 0.286764 
-0.530242 0.205234 0.286647 
-0.050600 0.065818 0.434693 
-0.009506 0.055715 0.432189 
-0.042966 0.087368 0.427157 
0.071896 0.065152 0.414322 
0.102517 0.086135 0.393333 
0.072682 0.104554 0.389075 
0.049368 -0.164352 0.418646 
0.020363 -0.145990 0.431984 
0.024849 -0.167934 0.423876 
-0.520787 0.349130 0.383254 
-0.522500 0.314022 0.400747 
0.357924 -0.056926 0.077489 
0.353693 -0.023698 0.113002 
-0.701733 0.349029 0.278629 
-0.690383 0.377495 0.291469 
-0.690690 0.387633 0.237544 
-0.677001 0.491063 0.075491 
-0.654257 0.499213 0.050425 
-0.005974 0.354804 -0.024830 
0.032981 0.351720 0.218929 
-0.496633 0.167463 0.310644 
-0.494699 0.552522 -0.309245 
-0.498918 0.566461 -0.381091 
-0.482000 0.589771 -0.328251 
0.002881 -0.281750 0.355520 
-0.004842 -0.264499 0.375520 
-0.053506 -0.270434 0.362900 
0.056117 0.299418 0.274920 
0.046169 0.329695 0.249544 
0.026619 0.292116 0.282093 
-0.380186 0.453360 0.040457 
-0.367012 0.477366 0.032479 
-0.370413 0.487527 0.063937 
-0.720194 0.338947 0.169671 
-0.381324 0.496030 -0.014225 
-0.338874 0.529881 -0.043454 
-0.334395 0.503867 -0.016380 
0.341748 0.099348 0.091897 
0.344927 0.090392 0.047640 
0.350924 0.039995 0.064376 
-0.108289 0.350599 0.009997 
-0.674696 0.038718 0.061925 
0.094148 0.360983 0.010192 
-0.114101 -0.329838 0.224519 
-0.138784 -0.324650 0.301129 
-0.159069 -0.331691 0.212979 
0.061692 -0.231018 0.395670 
0.070487 -0.287946 0.344343 
0.045749 -0.268351 0.375036 
0.037680 -0.304319 0.349433 
0.464491 -0.154041 0.079969 
0.457295 -0.117537 0.065066 
0.459140 -0.104498 0.087539 
0.422298 -0.232224 0.024503 
-0.492168 0.584951 -0.414644 
-0.491015 0.601048 -0.435929 
-0.473410 0.634232 -0.432919 
-0.521836 0.080809 0.323948 
-0.518934 0.045963 0.332647 
-0.501278 0.070611 0.336966 
0.128642 0.164860 0.346100 
0.157869 0.170923 0.328655 
0.114673 0.194620 0.319541 
0.026808 0.034670 0.435981 
0.036675 0.075292 0.418151 
0.059727 -0.204449 0.403134 
0.039726 -0.189414 0.408280 
-0.517205 0.456249 0.335254 
-0.502037 0.518266 0.291638 
0.337820 0.025994 -0.016179 
0.341085 0.018154 0.006318 
0.321794 -0.002061 -0.050967 
-0.235164 0.335023 0.126823 
0.104529 0.365835 0.052982 
0.147653 0.348341 0.086330 
0.147212 0.344600 0.042455 
-0.488648 -0.024311 0.321616 
-0.496691 0.021001 0.337180 
-0.538716 0.000117 0.310354 
-0.534483 0.032663 0.322320 
-0.489323 0.122550 0.325298 
0.330640 -0.045796 -0.029686 
0.348642 -0.054402 0.019927 
-0.003364 -0.179285 0.416380 
-0.006533 -0.162089 0.426631 
-0.032925 -0.155784 0.425589 
0.073755 0.147381 0.362040 
0.039320 0.151594 0.347137 
0.054976 0.130352 0.370037 
0.032048 -0.067923 0.430253 
0.058817 -0.072046 0.428445 
0.042553 -0.041313 0.430471 
-0.190593 0.676409 -0.086585 
-0.241360 0.646659 -0.043806 
-0.231955 0.631857 -0.040727 
-0.035344 -0.183746 0.412614 
-0.032931 -0.208906 0.411984 
-0.186216 0.727012 -0.089565 
-0.229817 0.693772 -0.048603 
-0.230297 0.674895 -0.056241 
-0.393263 -0.198125 0.121516 
-0.416229 -0.202105 0.078921 
-0.345628 0.363405 0.155732 
-0.355738 0.392852 0.129076 
-0.365040 0.391415 0.174811 
-0.639679 0.309215 -0.028507 
-0.605558 0.296150 -0.043366 
-0.630274 0.263189 -0.017758 
-0.477135 0.017060 0.337814 
-0.478524 0.071257 0.344598 
-0.451346 0.142221 0.326519 
0.331031 -0.226651 0.248315 
0.334622 -0.252190 0.239536 
0.364812 -0.222024 0.235363 
-0.148329 0.677171 -0.160449 
-0.112005 0.708921 -0.198491 
-0.106194 0.657765 -0.167345 
-0.011452 -0.197764 0.417506 
-0.474557 0.627284 -0.446204 
0.260022 0.242536 0.187965 
0.255054 0.232907 0.212366 
0.286992 0.191440 0.201020 
-0.459434 0.105082 0.337667 
-0.463525 0.174773 0.312620 
-0.487445 0.218339 0.287197 
0.294208 -0.257856 0.242548 
0.290353 -0.244628 0.243805 
0.271420 -0.239612 0.240273 
-0.429614 0.455400 -0.021419 
-0.405374 0.451834 -0.003623 
-0.683841 0.432531 0.191528 
-0.693888 0.433697 0.157146 
-0.689656 0.412357 0.108133 
-0.156993 0.290349 0.252225 
0.194550 -0.323415 -0.030761 
0.221687 -0.339660 -0.002100 
0.169605 -0.344115 -0.015987 
-0.474787 -0.144880 -0.034545 
-0.454876 -0.158675 -0.018153 
-0.494031 -0.153455 0.001724 
-0.450302 -0.032537 0.328325 
-0.457524 -0.009648 0.330737 
-0.454707 0.053821 0.344740 
-0.450877 0.078164 0.346467 
0.074255 0.179076 0.333234 
-0.443115 0.211147 0.290390 
0.058392 0.035340 0.428870 
-0.523834 0.713236 -0.437048 
-0.504929 0.640238 -0.448176 
-0.517266 0.638389 -0.423892 
-0.442199 0.016366 0.337684 
-0.432736 0.110961 0.333724 
-0.452394 0.240007 0.276917 
-0.001854 -0.208382 0.417585 
-0.029385 0.022812 0.437125 
-0.572048 0.520657 -0.212097 
-0.569945 0.533720 -0.218937 
-0.558731 0.509504 -0.219705 
0.323369 -0.173509 0.235753 
0.310552 -0.154589 0.228056 
0.295653 -0.193750 0.238356 
0.032492 0.179094 0.325284 
-0.502609 -0.346452 -0.055080 
-0.523274 -0.338747 -0.037873 
-0.509245 -0.316182 -0.038350 
-0.435085 0.048136 0.341558 
0.081236 -0.268177 0.355154 
-0.355747 -0.108145 0.302909 
-0.364649 -0.151764 0.280518 
-0.340002 -0.158389 0.302218 
-0.528112 0.563941 0.012511 
-0.244185 0.331532 0.148266 
-0.413359 -0.321143 -0.080586 
-0.476684 -0.318355 -0.056584 
-0.387857 -0.295706 -0.076566 
-0.450897 -0.061531 0.314841 
-0.421179 -0.054376 0.320517 
-0.425094 0.079362 0.344324 
-0.422689 0.166992 0.317284 
0.040450 -0.105440 0.425452 
0.040388 0.211186 0.318494 
0.008987 0.210335 0.326043 
-0.476465 0.501734 -0.058540 
-0.473795 0.502956 -0.033058 
-0.481899 0.470870 -0.057247 
0.091542 0.169914 0.346933 
-0.020515 -0.233515 0.406470 
0.018414 0.140351 0.358716 
-0.542973 0.533495 -0.341453 
-0.531948 0.558690 -0.383558 
-0.511395 0.313229 -0.068076 
-0.473041 0.314617 -0.067042 
-0.422149 0.001502 0.343788 
-0.420304 0.198235 0.301295 
-0.000796 -0.037608 0.444712 
-0.015727 -0.006149 0.439845 
-0.045400 -0.021128 0.443024 
0.463086 -0.153807 0.119156 
0.464110 -0.122249 0.106800 
0.459254 -0.123114 0.141638 
-0.403530 -0.309384 0.352844 
-0.436992 -0.312449 0.353850 
-0.278578 0.307189 0.211468 
-0.235155 0.261140 0.251117 
-0.497207 0.402889 -0.061826 
-0.502946 0.472206 -0.096181 
-0.521317 0.474637 -0.114514 
-0.419387 -0.088044 0.296737 
-0.412688 -0.009434 0.340859 
-0.409756 0.027084 0.346445 
-0.420283 0.136323 0.328278 
-0.414224 0.250014 0.266289 
0.348771 -0.186475 0.244495 
0.311619 -0.208218 0.244667 
0.163864 0.073000 0.367163 
0.157732 0.113103 0.358967 
0.129716 0.116956 0.362559 
-0.402922 -0.283378 0.337357 
0.284673 -0.338501 0.113227 
0.272112 -0.346016 0.075013 
-0.421658 -0.255399 0.294365 
-0.456327 -0.345946 -0.072563 
-0.405970 -0.029732 0.331179 
-0.404551 0.069626 0.340610 
-0.059638 -0.241754 0.389671 
0.101207 0.114141 0.372564 
0.103073 0.144908 0.362661 
0.352949 -0.152027 0.230977 
0.352208 -0.117149 0.204883 
0.159917 0.034456 0.377784 
0.136564 0.069512 0.372280 
0.327976 -0.115362 0.206302 
0.328796 -0.137616 0.214285 
0.349401 -0.094104 0.179972 
0.404951 -0.260261 0.038533 
0.434909 -0.230987 0.055436 
0.433553 -0.239106 0.081216 
0.155285 0.142275 0.349716 
-0.312703 -0.272686 -0.137123 
-0.285977 -0.277985 -0.185149 
-0.322127 -0.293915 -0.164376 
-0.389608 0.405526 0.210813 
-0.364206 0.374262 0.195059 
-0.065195 -0.165406 0.422689 
-0.096443 -0.154129 0.415926 
-0.091613 -0.185782 0.403151 
-0.221252 -0.324928 0.407405 
-0.227349 -0.345915 0.401171 
-0.382322 -0.003757 0.338281 
-0.396644 0.104354 0.335786 
-0.397373 0.136835 0.326454 
-0.387843 0.210041 0.292682 
-0.380568 0.241636 0.268382 
-0.043943 -0.124676 0.429295 
-0.000863 -0.095641 0.432401 
-0.038230 -0.092838 0.434791 
0.153850 0.195069 0.308168 
0.150242 0.233544 0.286933 
0.115683 0.259167 0.283010 
0.299722 0.190214 0.156287 
0.284115 0.220413 0.143762 
-0.387815 -0.043214 0.329672 
-0.393546 0.177030 0.308346 
0.020926 -0.020613 0.433466 
0.068325 0.193378 0.315195 
-0.402410 -0.254556 0.295996 
-0.375900 -0.270474 0.314635 
-0.380239 -0.245048 0.283049 
-0.374480 0.033770 0.346595 
-0.384961 0.053815 0.345341 
-0.373014 0.070928 0.339752 
0.099207 0.243491 0.292723 
-0.000936 0.087109 0.423372 
-0.016394 0.226442 0.324314 
-0.473028 0.553606 -0.145346 
-0.475085 0.572147 -0.136322 
-0.475952 0.533916 -0.112133 
-0.381813 -0.295765 0.339798 
0.451813 -0.142713 0.164782 
-0.517778 0.491012 -0.178320 
-0.526302 0.500040 -0.219639 
-0.507968 0.511366 -0.241339 
-0.375905 0.173612 0.307996 
0.356599 -0.206982 0.244377 
-0.591383 0.547672 0.236109 
-0.575232 0.538986 0.262698 
-0.412632 0.482869 -0.008478 
-0.384190 0.470482 0.011581 
-0.554372 -0.354631 0.053725 
-0.550369 -0.338021 0.030408 
-0.546411 -0.361863 0.032118 
-0.371554 0.111958 0.337661 
-0.363701 0.145272 0.323646 
0.266246 -0.295372 0.221278 
0.247871 -0.278707 0.231690 
-0.022878 -0.073492 0.444532 
-0.048708 -0.073508 0.443048 
-0.027084 -0.299144 0.363327 
-0.049808 -0.280983 0.363031 
-0.114491 -0.299819 0.392850 
-0.362085 -0.254843 0.299019 
-0.356791 -0.208117 0.287255 
-0.385168 -0.229052 0.260125 
-0.362260 -0.047784 0.325793 
-0.378264 -0.063940 0.318483 
-0.362986 0.187647 0.306959 
-0.351292 0.208242 0.296171 
-0.505754 0.461448 -0.071659 
-0.487239 0.477537 -0.087090 
-0.336810 -0.234960 0.297881 
-0.346781 0.004437 0.330776 
-0.349109 0.024342 0.337481 
-0.340194 0.099790 0.328409 
-0.347050 0.070303 0.330551 
-0.699199 0.486272 0.170250 
-0.694305 0.492572 0.113176 
-0.701241 0.470331 0.135962 
0.069551 -0.254706 0.377173 
-0.334122 0.660483 0.017902 
-0.340774 -0.290446 0.326216 
-0.339580 0.044720 0.332270 
-0.350412 0.297492 0.211425 
-0.374627 0.274436 0.241355 
-0.084805 0.765916 -0.214309 
-0.078291 0.742492 -0.225745 
-0.093022 0.760014 -0.222094 
0.000205 0.173208 0.334549 
-0.515456 0.559982 -0.394299 
-0.509847 0.548606 -0.375215 
-0.356541 0.591327 0.059625 
-0.689381 0.517193 0.099618 
-0.668788 0.525884 0.077588 
-0.333866 -0.264794 0.307881 
-0.523531 0.653550 -0.183106 
0.258803 -0.024044 -0.134753 
0.234853 0.001269 -0.153155 
0.257916 0.014071 -0.142380 
-0.343824 -0.078147 0.320437 
-0.344329 -0.022978 0.323586 
-0.336192 0.134677 0.323908 
-0.338121 0.172062 0.315933 
-0.327965 0.279380 0.234199 
-0.151462 0.636544 -0.134573 
-0.120162 0.621477 -0.125308 
-0.240348 0.556374 -0.058695 
-0.215657 0.579123 -0.084061 
-0.185445 0.573739 -0.059999 
-0.346207 0.574302 0.055053 
-0.334152 0.612232 0.044107 
-0.326634 -0.036741 0.327122 
-0.317089 0.232668 0.274156 
-0.308307 0.266660 0.248071 
-0.377703 0.466428 0.068573 
-0.390586 0.484517 0.109128 
0.403528 -0.269491 0.079692 
0.370729 -0.153016 0.231923 
-0.320819 -0.093029 0.319639 
-0.320948 -0.005497 0.324463 
-0.323458 0.195413 0.301539 
-0.490872 0.511845 -0.197934 
0.053148 -0.130705 0.424906 
0.001939 -0.122749 0.432320 
-0.317184 0.654811 0.025041 
-0.383405 -0.216588 0.124229 
-0.320053 -0.195938 0.304139 
-0.321408 0.037513 0.325063 
-0.316857 0.127947 0.319286 
-0.705239 0.350153 0.227372 
-0.477075 0.625627 -0.379573 
-0.007257 0.149852 0.338479 
-0.315206 -0.295788 0.321967 
-0.297897 -0.181938 0.306850 
-0.299469 -0.143128 0.316261 
-0.302006 -0.028087 0.327998 
-0.473475 0.663738 -0.402147 
-0.480187 -0.279863 0.264599 
-0.454063 -0.263850 0.261156 
-0.029791 0.182337 0.336623 
-0.071789 0.195836 0.332094 
-0.059646 0.178550 0.334928 
-0.297544 -0.270833 0.308480 
-0.291509 -0.238466 0.300360 
-0.293013 -0.099038 0.319804 
-0.300786 0.013974 0.332459 
-0.301339 0.059570 0.329979 
-0.303692 0.155526 0.310083 
-0.371903 0.417135 0.052017 
-0.370151 0.426035 0.101223 
-0.068651 0.668409 -0.173354 
-0.080113 0.648679 -0.166190 
-0.074777 0.668565 -0.189198 
-0.239649 0.548864 -0.035719 
-0.225144 0.563237 -0.009105 
-0.280155 -0.051323 0.321030 
-0.277407 0.106173 0.333055 
-0.297889 0.191268 0.292301 
-0.270948 0.234197 0.267905 
-0.290792 0.255771 0.253561 
-0.277487 0.282510 0.234421 
-0.310677 0.312281 0.200919 
-0.652118 0.547161 0.155738 
-0.663544 0.542642 0.118620 
-0.679214 0.534133 0.153508 
-0.311824 0.630932 0.028620 
-0.289317 0.674802 0.010880 
-0.284890 0.696122 -0.006620 
-0.024424 0.285229 0.293080 
0.000236 0.316045 0.265568 
-0.049134 0.307282 0.273143 
-0.299424 -0.301078 0.316973 
0.455161 -0.142939 0.045450 
0.454960 -0.162768 0.044629 
-0.282737 0.666334 0.010131 
-0.269150 -0.101208 0.316250 
-0.278986 -0.004973 0.329860 
-0.280816 0.032715 0.333304 
-0.280816 0.054138 0.331005 
-0.272389 0.082648 0.338085 
-0.274600 0.137616 0.323544 
-0.276848 0.187539 0.295336 
0.000167 -0.063484 0.440936 
0.316499 0.160789 0.126701 
0.332806 0.119117 0.132324 
0.152603 -0.358875 -0.014509 
0.156017 -0.353345 -0.028893 
-0.276280 -0.269757 0.311355 
-0.262156 -0.239073 0.292594 
-0.262787 -0.211745 0.290869 
-0.263268 -0.160660 0.302208 
-0.252687 -0.039343 0.315459 
-0.245786 0.207582 0.291193 
0.074910 0.215796 0.305276 
0.064098 0.241186 0.304108 
-0.024822 -0.046559 0.448716 
-0.280070 0.646528 -0.002152 
-0.267654 0.008294 0.327953 
-0.252643 0.033493 0.325260 
-0.254022 0.051744 0.333947 
-0.256645 0.168407 0.311333 
-0.262844 0.692119 -0.007506 
-0.222982 0.721409 -0.042981 
-0.407512 0.542087 0.123912 
-0.423147 0.554999 0.123505 
-0.249826 -0.107552 0.306643 
-0.254064 0.003544 0.319848 
-0.067781 0.103915 0.416093 
-0.044801 0.118817 0.403084 
-0.243293 0.068170 0.337588 
-0.056891 0.268484 0.300220 
-0.057715 0.229539 0.321281 
-0.233968 -0.209325 0.280429 
-0.231352 -0.147713 0.290272 
-0.223474 0.095434 0.342538 
-0.235900 0.115489 0.341240 
-0.550886 0.518551 -0.300082 
-0.552563 0.535452 -0.317495 
-0.710027 0.315378 0.279122 
-0.235388 -0.013256 0.319434 
-0.222783 0.154151 0.325815 
0.399902 -0.133556 0.216139 
0.385173 -0.110893 0.205208 
0.165235 -0.337375 -0.035935 
-0.223503 -0.093629 0.300871 
-0.223580 -0.050697 0.314760 
-0.229132 0.027508 0.334314 
-0.223476 0.066109 0.338070 
-0.216599 0.122122 0.334438 
0.348476 0.048520 0.100298 
0.341119 0.084000 0.136278 
0.261811 -0.228292 0.250346 
-0.052705 0.020099 0.436900 
-0.249118 0.712144 -0.019834 
-0.229241 0.736020 -0.040014 
-0.210458 -0.014048 0.364517 
-0.209368 0.017618 0.372530 
0.441303 -0.134845 0.020082 
0.446106 -0.104970 0.043751 
0.082343 0.374387 0.109604 
-0.213995 -0.158406 0.286367 
-0.214399 -0.208267 0.281137 
0.307181 0.156767 -0.015322 
0.285966 0.204090 0.002596 
0.083420 0.340338 0.228177 
0.077533 0.308856 0.265333 
0.354234 -0.059025 0.140270 
0.348046 0.011735 0.150560 
-0.495199 0.537280 -0.276541 
-0.483567 0.539963 -0.246248 
-0.211845 -0.239211 0.331224 
-0.228069 -0.267639 0.364897 
-0.202284 -0.259735 0.376939 
-0.206696 -0.113018 0.303187 
-0.195816 0.129235 0.337874 
-0.190306 0.231627 0.287047 
-0.197701 0.171678 0.322563 
-0.003560 0.290666 -0.104016 
0.006482 0.266697 -0.132495 
-0.014317 0.260880 -0.131214 
0.009596 0.015611 0.439024 
-0.523769 0.439363 -0.059646 
-0.475835 0.537992 -0.172555 
-0.197684 -0.191927 0.299443 
-0.193757 -0.147005 0.310600 
-0.184018 -0.106199 0.345267 
-0.708093 0.298336 0.318147 
-0.712186 0.293436 0.289749 
-0.704933 0.277916 0.314877 
0.278066 -0.189579 0.256793 
-0.202991 0.087784 0.343717 
-0.161458 0.210316 0.311159 
-0.190522 0.260793 0.260563 
-0.173857 -0.243935 0.356174 
-0.424381 0.513964 -0.014980 
-0.382702 0.521004 -0.027833 
0.380282 -0.088404 0.181368 
0.066323 0.360280 0.199899 
0.120747 0.360803 0.101161 
-0.186319 0.107478 0.339583 
-0.171891 -0.269692 0.396524 
-0.175387 -0.235248 0.335700 
-0.189435 -0.223130 0.312110 
-0.488756 0.497854 0.294109 
-0.174782 0.160828 0.332783 
-0.141163 0.595140 -0.085361 
-0.108693 0.610402 -0.102018 
-0.186202 0.757854 -0.075133 
-0.202276 0.758420 -0.061759 
-0.184233 0.779562 -0.088228 
-0.200057 -0.300373 0.407452 
-0.167114 -0.288727 0.406906 
-0.170926 -0.257770 0.383083 
-0.118558 0.172398 0.328004 
-0.115549 0.138533 0.340085 
-0.088649 0.147307 0.337727 
-0.673519 0.120272 0.043399 
-0.269064 0.330525 0.165347 
-0.140490 0.792002 -0.130961 
-0.116245 0.785886 -0.168568 
-0.131989 0.803919 -0.152675 
-0.170897 0.125370 0.342116 
0.085687 -0.116307 0.412549 
-0.512572 0.756008 -0.432697 
-0.399790 -0.234753 0.187127 
-0.398399 -0.194879 0.203839 
-0.389117 -0.213903 0.150960 
-0.159584 0.246789 0.289438 
-0.460477 0.470676 -0.028969 
0.128169 0.052287 0.386113 
0.137908 0.013911 0.391943 
-0.151897 -0.230761 0.352632 
-0.164989 -0.190798 0.347474 
-0.294179 -0.068498 -0.133757 
-0.269491 -0.082042 -0.137652 
-0.270429 -0.114524 -0.117958 
0.124793 0.311165 0.239781 
0.105569 0.316537 0.248395 
0.126663 0.283519 0.267805 
-0.154514 0.155452 0.333978 
0.388240 -0.187197 0.229280 
0.385267 -0.164236 0.231142 
-0.133996 -0.258606 0.373172 
-0.697819 0.509612 0.124341 
-0.695479 0.512451 0.164364 
-0.687901 0.527553 0.120388 
0.127743 0.344635 0.001707 
-0.405033 -0.249398 0.259591 
-0.437725 -0.263685 0.228429 
-0.342703 0.492861 0.013080 
-0.138004 0.177579 0.327113 
-0.282245 -0.341577 -0.227085 
-0.309834 -0.327984 -0.209132 
-0.259513 -0.311637 -0.226673 
0.077293 -0.040770 0.422290 
0.062551 -0.008000 0.423190 
-0.118533 -0.279096 0.387107 
-0.137578 -0.243676 0.358791 
-0.129241 -0.228959 0.370342 
-0.221988 0.334431 0.059318 
0.072662 0.371537 0.158311 
-0.538120 0.454635 -0.064647 
-0.171293 0.011315 0.424842 
-0.157283 -0.017045 0.428076 
-0.146238 0.012777 0.437273 
-0.055909 -0.060247 0.443038 
0.120447 0.087127 0.381652 
-0.127499 0.041756 0.433634 
-0.153016 0.047606 0.424832 
-0.144214 0.131221 0.340001 
-0.127570 0.258942 0.289286 
0.226709 -0.078686 -0.162646 
0.201160 -0.088362 -0.182488 
0.194672 -0.058910 -0.190588 
0.047007 0.012253 0.431512 
-0.322762 0.690199 -0.031945 
-0.135999 -0.032990 0.428637 
-0.129867 0.005754 0.439616 
-0.124181 -0.210246 0.384462 
-0.140160 -0.185807 0.380305 
-0.133134 -0.092804 0.413369 
-0.116486 -0.083248 0.420364 
-0.116477 0.076567 0.426573 
-0.147660 0.078876 0.411315 
0.106277 0.352353 0.191901 
-0.088334 -0.366124 -0.160903 
-0.102186 -0.362562 -0.145385 
-0.180905 -0.368145 -0.177437 
-0.116011 0.200799 0.323656 
-0.106928 0.289054 0.277046 
-0.102204 -0.259155 0.365944 
-0.120106 -0.160335 0.400193 
-0.109703 -0.209206 0.387544 
-0.112694 -0.123951 0.410628 
-0.111255 -0.039899 0.431739 
-0.116511 0.008696 0.435112 
-0.104135 0.061024 0.433124 
-0.110004 0.097705 0.412636 
-0.635530 0.496291 0.023506 
-0.632268 0.459805 0.009575 
0.101079 0.365133 0.150474 
-0.098994 0.260854 0.297441 
-0.094728 0.312145 0.256692 
0.372556 -0.279234 0.017595 
0.331234 -0.077392 -0.017046 
-0.105273 -0.083416 0.418001 
-0.094811 0.026134 0.437659 
-0.093187 -0.247096 0.378176 
-0.090684 -0.065870 0.429881 
-0.086959 -0.014717 0.440953 
-0.097973 0.174001 0.332179 
-0.088717 0.214246 0.324610 
0.189271 0.221690 0.280690 
-0.079836 -0.214879 0.397084 
-0.078585 -0.098407 0.422541 
-0.075995 -0.041726 0.438582 
-0.085700 0.080729 0.428774 
-0.083092 0.053679 0.433056 
0.341558 0.083192 0.017170 
-0.058329 0.162341 0.334051 
-0.291308 -0.041366 -0.142486 
-0.432252 -0.255615 0.279763 
-0.087030 -0.130381 0.419701 
-0.064945 0.016718 0.440237 
-0.057582 0.140696 0.362924 
-0.121229 0.116306 0.383181 
-0.047800 0.148365 0.338723 
-0.674011 0.163113 0.133810 
0.115003 -0.275483 0.334687 
0.112681 -0.298707 0.340162 
0.083578 0.032284 0.418285 
-0.157559 0.768610 -0.109278 
-0.352130 0.660252 0.005636 
0.230559 0.142789 0.301143 
0.199548 0.145869 0.318939 
0.220211 0.113945 0.322947 
-0.239630 0.583078 0.014619 
-0.193913 0.585380 -0.011311 
-0.200930 0.594808 -0.003962 
0.079526 -0.173026 0.401102 
0.076356 -0.145721 0.412756 
-0.116977 -0.355800 0.383138 
-0.072434 -0.350212 0.377792 
-0.135479 -0.347828 0.399099 
0.186562 0.123912 0.341515 
0.181735 0.102560 0.354201 
0.418149 -0.130728 0.206187 
0.412257 -0.155990 0.216037 
0.131270 -0.066769 0.396075 
0.138401 -0.045826 0.401132 
0.107560 -0.039367 0.414377 
0.416136 -0.179289 0.211333 
0.304981 -0.133295 0.242160 
0.286733 -0.158503 0.262636 
0.334475 0.050341 -0.027290 
-0.301831 -0.338183 0.327633 
-0.331093 -0.347852 0.336586 
0.434241 -0.138416 0.193244 
0.396053 -0.218006 0.213427 
-0.299281 0.576123 -0.080859 
-0.256932 0.574028 -0.084255 
0.107414 -0.223759 0.371370 
0.148423 -0.232950 0.342368 
0.146768 -0.203564 0.364708 
0.203570 -0.261335 -0.125546 
0.187749 -0.287907 -0.082696 
0.168437 -0.281317 -0.133958 
0.206501 -0.156340 -0.170363 
0.236457 -0.162665 -0.138576 
0.234335 -0.187256 -0.126239 
-0.178399 0.605513 -0.024350 
-0.223651 0.608338 -0.016079 
0.110978 -0.156056 0.385944 
0.126620 -0.118708 0.389834 
0.098736 -0.134500 0.400772 
-0.385881 0.456981 0.124507 
-0.364330 -0.349149 -0.101652 
-0.543639 0.430825 0.365715 
0.113907 -0.194516 0.378469 
0.089762 -0.192010 0.396744 
-0.377148 0.514575 0.086160 
-0.180162 -0.342116 0.413791 
-0.205889 -0.348634 0.407732 
-0.175269 -0.352846 0.404015 
-0.533132 0.402182 0.368858 
0.256212 0.212909 -0.053416 
0.290065 0.176417 -0.024480 
0.280442 0.167562 -0.060849 
-0.506681 0.317678 0.386823 
-0.440468 -0.239796 0.035238 
-0.428486 -0.216524 0.056338 
-0.436142 -0.209235 0.017880 
0.154017 0.280429 0.261912 
0.260805 0.116553 0.287278 
0.223538 0.188891 0.279635 
0.219597 0.166584 0.290677 
0.135841 -0.180046 0.373440 
-0.283355 0.596565 0.012302 
-0.526376 0.217186 0.298086 
-0.182302 0.610181 -0.110845 
0.427644 -0.218994 0.177284 
0.395137 -0.251780 0.184546 
-0.600759 -0.092824 0.090262 
-0.510638 0.288210 0.393505 
-0.509760 0.384432 0.347580 
-0.269034 0.635326 -0.020489 
-0.499795 0.272958 0.372453 
-0.520366 0.264941 0.390914 
-0.515890 0.247901 0.367107 
-0.250668 0.593686 0.016785 
-0.490675 0.310553 0.366895 
0.342930 -0.048041 0.176960 
0.344951 -0.284122 0.195005 
0.374594 -0.284518 0.157886 
-0.481394 0.291873 0.345704 
-0.491769 0.339915 0.356516 
0.440804 -0.155979 0.184958 
0.433103 -0.189775 0.185647 
0.291194 -0.123228 0.268494 
0.274908 -0.115653 0.288737 
0.270093 -0.154168 0.287397 
0.296411 0.100507 0.248530 
0.300278 0.148695 0.210550 
0.280919 0.132919 0.250956 
-0.278371 0.090392 -0.179859 
-0.299792 0.132837 -0.167464 
-0.501336 0.240673 0.323413 
-0.527986 0.231159 0.346350 
-0.486073 0.259163 0.325351 
-0.499995 0.445623 0.315696 
0.452720 -0.194421 0.072243 
0.431124 -0.108085 0.183181 
0.293818 -0.047027 0.267868 
0.282575 -0.014722 0.284282 
0.271089 -0.066689 0.294094 
0.219941 0.005734 0.340292 
0.217220 0.047445 0.338052 
0.197729 0.051046 0.356554 
0.416791 -0.099397 0.187372 
-0.484267 0.371171 0.318455 
0.177179 -0.176909 0.350561 
0.188552 -0.138390 0.345468 
0.167385 -0.159930 0.361347 
0.276222 0.020147 0.289926 
0.293569 0.043462 0.268902 
0.262931 0.039205 0.310082 
-0.470088 0.320463 0.329099 
-0.166535 0.189357 -0.170630 
-0.129563 0.190215 -0.168154 
-0.152752 0.160338 -0.178776 
0.136778 -0.017473 0.403205 
-0.098538 0.741209 -0.172905 
-0.084768 0.749848 -0.198673 
-0.491305 0.403769 0.305277 
0.095793 0.059541 0.408059 
0.153817 -0.137192 0.366217 
0.367403 -0.250920 0.215250 
-0.150643 0.660973 -0.099510 
-0.087485 0.684046 -0.149812 
-0.120867 0.712619 -0.142561 
-0.486914 0.236450 0.290460 
0.322582 -0.022479 0.223058 
-0.479656 0.427796 0.280310 
-0.297016 0.164592 -0.157748 
-0.253743 0.183265 -0.157795 
0.304926 -0.087949 0.250057 
0.206318 -0.232977 0.296155 
0.239100 -0.221162 0.282106 
0.221265 -0.196237 0.308665 
0.148928 -0.313286 0.325877 
0.165772 -0.318237 0.312162 
0.172909 -0.291793 0.312606 
0.197338 -0.271121 0.292527 
0.144654 -0.286994 0.328695 
0.165324 -0.257360 0.311000 
0.208396 -0.284715 0.276289 
0.187714 -0.255508 -0.150345 
-0.466915 0.269113 0.303049 
-0.453765 0.291780 0.309883 
-0.458058 0.347412 0.311587 
-0.467166 0.381966 0.297408 
-0.474936 0.414174 0.280481 
-0.477201 0.451240 0.282505 
0.185603 -0.205153 0.329283 
-0.468441 0.484500 0.283819 
-0.290314 0.196496 -0.152661 
-0.438175 0.317906 0.307462 
-0.431518 -0.337177 0.357811 
-0.389489 -0.332369 0.353733 
-0.252023 -0.117980 -0.140508 
0.149308 -0.166596 0.371234 
-0.124245 0.599995 -0.074074 
-0.162147 0.589043 -0.035860 
-0.165014 0.579528 -0.052444 
-0.101287 0.645536 -0.107912 
-0.083965 0.645081 -0.122640 
-0.517771 0.577342 -0.412548 
-0.500645 0.586703 -0.424915 
-0.435852 0.258441 0.278906 
-0.174829 0.704050 -0.102645 
-0.137325 0.756417 -0.138352 
0.127959 -0.254978 0.333806 
0.179360 0.265645 0.256303 
-0.434974 0.339565 0.301311 
-0.445238 0.452364 0.247922 
-0.458618 0.466500 0.270918 
-0.451888 0.524219 0.263580 
-0.318419 0.520889 0.034700 
-0.126335 0.622445 -0.070672 
-0.172728 0.616747 -0.046402 
-0.136733 0.606304 -0.051259 
-0.426899 0.274666 0.284703 
-0.418232 0.297360 0.286216 
-0.424277 0.364980 0.279697 
-0.444807 0.389046 0.282144 
-0.428220 0.424209 0.244330 
-0.445537 0.436010 0.251719 
-0.447865 0.493460 0.258378 
0.430302 -0.107245 0.020271 
-0.300109 0.536868 -0.050595 
-0.414004 0.317739 0.287171 
-0.383083 -0.083070 0.301726 
-0.345502 -0.328343 0.340112 
-0.203140 0.564569 -0.032070 
-0.152283 0.635035 -0.076347 
-0.398671 0.522228 0.133349 
0.142121 -0.355436 -0.066322 
0.184246 0.020555 0.369065 
0.193133 -0.023523 0.367034 
0.101143 -0.331293 0.340094 
-0.406699 0.385302 0.252031 
-0.434101 0.484094 0.242570 
-0.349669 -0.356101 0.332579 
-0.415771 -0.357627 0.342946 
-0.408297 -0.361045 0.326957 
0.167260 -0.213032 0.344687 
-0.392180 -0.256264 -0.060612 
-0.354490 -0.262224 -0.077080 
-0.396954 0.335169 0.264332 
-0.428505 0.521238 0.228258 
-0.378902 -0.349303 0.351205 
0.110233 -0.013125 0.410817 
0.220179 -0.293852 0.245760 
0.252537 0.197627 0.243913 
0.222109 0.226924 0.258355 
0.277373 -0.080873 0.283642 
0.254978 -0.112710 0.303625 
0.160427 -0.095280 0.374501 
0.173385 -0.050850 0.376862 
0.178729 -0.089621 0.359285 
-0.399520 0.274725 0.258077 
-0.418275 0.465183 0.221478 
0.327329 0.028683 0.213020 
-0.543896 0.501326 -0.210859 
-0.548134 0.491947 -0.164828 
0.166150 -0.011863 0.385367 
-0.379562 0.296790 0.245802 
-0.419645 0.495377 0.217340 
-0.263721 0.555381 0.012614 
0.229665 -0.150044 0.317506 
0.224400 -0.116875 0.323189 
-0.168496 0.777093 -0.092434 
-0.390550 -0.066725 -0.124135 
0.252033 -0.063448 0.309411 
0.227296 -0.085256 0.318332 
0.285264 -0.317870 -0.006561 
0.334577 -0.284846 -0.009646 
0.330862 -0.305225 0.015770 
-0.459653 -0.310285 0.338508 
-0.405640 0.426013 0.216021 
-0.074142 0.654073 -0.147957 
-0.085469 0.631997 -0.123436 
0.247700 0.091198 0.312496 
0.298879 0.202428 0.100438 
0.252505 -0.153069 0.304022 
-0.141594 0.723949 -0.130252 
-0.221700 -0.233378 -0.169474 
-0.195095 -0.231793 -0.205461 
-0.199078 -0.260682 -0.199843 
-0.378576 0.329464 0.242861 
-0.378354 0.364478 0.231251 
0.100795 0.018405 0.405546 
0.221493 -0.058956 0.332038 
0.220305 0.078949 0.335651 
0.236033 -0.021425 0.331591 
0.197964 -0.047893 0.354731 
0.256582 -0.177972 0.292785 
0.250335 0.054766 0.322624 
0.232670 0.024124 0.328704 
-0.411400 0.519785 0.191567 
-0.696894 0.260496 0.188808 
-0.359103 0.337829 0.206232 
0.182313 0.186192 0.300940 
0.206449 -0.166986 0.332093 
-0.695789 0.460035 0.166065 
-0.695066 0.436765 0.132756 
0.199531 -0.105428 0.335518 
0.196091 -0.085995 0.340388 
-0.365635 0.308350 0.220352 
-0.013254 -0.323470 0.361198 
0.180955 -0.231780 0.313742 
0.194605 -0.212252 -0.165769 
0.222109 -0.203227 -0.137883 
0.204627 -0.232169 -0.154635 
-0.436331 -0.273644 0.205313 
-0.477370 -0.291026 0.217755 
-0.295532 0.602972 -0.094442 
0.313835 0.066166 0.228418 
-0.561744 0.092323 -0.112737 
-0.578089 0.134792 -0.091154 
-0.554821 0.121970 -0.110313 
0.181529 -0.360199 0.030482 
0.222289 -0.351569 0.027230 
0.269405 0.069040 0.299456 
0.444610 -0.221486 0.116029 
0.456996 -0.190773 0.101969 
0.252426 0.015122 0.318203 
-0.285001 0.631925 -0.104142 
-0.256330 -0.347422 0.375161 
-0.268597 -0.330278 0.364788 
-0.281991 -0.350616 0.342331 
-0.662395 0.006589 0.115967 
0.322170 -0.092360 0.216417 
0.037210 -0.335043 0.350535 
-0.441899 -0.093732 -0.110175 
-0.394905 -0.114270 -0.092627 
-0.395140 -0.337657 -0.089900 
-0.359801 -0.314116 -0.090713 
-0.541746 0.475683 -0.113935 
0.370749 -0.076459 0.045858 
0.302672 -0.281722 0.229211 
-0.172274 -0.314765 0.412578 
-0.196006 -0.328178 0.413919 
0.323244 -0.277929 0.221940 
0.150065 -0.332967 -0.095588 
0.167959 -0.297650 -0.111090 
0.165815 -0.316206 -0.072319 
-0.657709 -0.014305 0.110361 
-0.101033 0.780808 -0.210312 
-0.104765 0.787989 -0.195258 
0.090233 -0.083163 0.414523 
-0.488639 0.541260 0.263515 
0.451600 -0.182238 0.154911 
0.431945 -0.234031 0.152392 
0.449567 -0.200986 0.142513 
0.436990 -0.081736 0.061374 
0.431449 -0.090572 0.037594 
0.410661 -0.074708 0.051975 
0.431981 -0.242088 0.118949 
0.446117 -0.081135 0.099906 
0.457673 -0.101565 0.123589 
-0.487054 0.641706 -0.459331 
-0.476569 0.715667 -0.469895 
-0.481628 0.736006 -0.461547 
-0.134642 -0.327792 0.400484 
-0.127761 -0.368293 -0.188195 
-0.597762 0.664399 -0.256508 
-0.576456 0.681337 -0.251278 
-0.159657 0.795951 -0.114920 
0.239195 -0.045055 0.326320 
-0.352272 0.543870 0.068804 
-0.254946 0.672990 -0.118066 
-0.187542 0.750901 -0.143117 
-0.207210 0.699414 -0.141680 
-0.613635 -0.077191 0.122241 
-0.343005 0.525231 0.058427 
-0.469292 0.694574 -0.445285 
-0.477963 0.725957 -0.441892 
-0.477753 0.690318 -0.403423 
0.190872 -0.299260 -0.053626 
-0.220569 -0.354651 0.132594 
-0.266217 -0.359812 0.264258 
-0.227765 -0.363132 0.124976 
-0.242215 0.159035 -0.170823 
0.166200 0.300967 0.235986 
0.145723 0.302990 0.244313 
0.116647 -0.078188 0.402883 
-0.479513 0.627988 -0.453940 
-0.674100 0.096926 0.181459 
-0.678336 0.116427 0.161093 
-0.678840 0.066338 0.162053 
-0.236094 -0.262849 -0.190706 
0.339702 0.000336 0.187641 
0.311996 0.102157 0.219013 
-0.563970 0.207515 0.299711 
0.345138 -0.082327 0.172187 
-0.348260 0.495476 0.043190 
-0.319480 0.565668 0.049330 
-0.326817 0.576781 0.039753 
-0.337112 0.084685 -0.170983 
-0.390362 0.092395 -0.166310 
-0.390825 0.113218 -0.168858 
-0.087431 -0.337501 0.384223 
-0.079663 -0.331022 0.047606 
-0.126529 -0.332566 0.078072 
-0.108916 -0.329803 -0.032885 
-0.400221 0.496951 0.144705 
-0.241007 -0.283243 -0.214592 
0.292975 -0.328406 0.023644 
-0.056381 -0.327202 0.373934 
-0.317931 0.595926 0.027035 
0.311206 -0.025429 -0.062766 
-0.288702 0.563365 0.033398 
-0.638599 0.540744 0.058698 
-0.602796 0.547704 0.030475 
-0.635932 0.526696 0.032196 
0.316983 0.028326 -0.069984 
-0.545626 0.327745 -0.065681 
-0.280871 0.582481 0.031992 
-0.070683 0.729502 -0.216050 
-0.073242 0.706594 -0.216971 
-0.289532 0.612870 0.001887 
-0.466797 0.661327 -0.452364 
-0.217032 0.755853 -0.059969 
-0.556538 0.483782 -0.119638 
-0.267468 -0.225229 -0.079078 
-0.332176 0.326392 0.172097 
-0.580841 0.625222 -0.137723 
-0.587724 0.651717 -0.205818 
-0.591588 0.617516 -0.158613 
-0.102935 0.620485 -0.091708 
-0.311429 -0.248511 -0.086253 
-0.118085 0.796124 -0.189498 
-0.673209 0.225845 0.141506 
-0.357321 0.390064 0.062066 
-0.394310 0.020016 -0.165081 
-0.402565 0.049047 -0.167262 
-0.374357 0.068237 -0.166734 
-0.671219 0.471620 0.272889 
-0.683285 0.471724 0.236337 
-0.681009 0.433404 0.287800 
-0.487252 0.590895 -0.383306 
-0.664814 0.035474 0.171348 
-0.683109 0.131609 0.133907 
-0.476671 0.545107 -0.221605 
-0.474277 0.574512 -0.258192 
-0.470701 0.573272 -0.198285 
-0.472056 0.602800 -0.260193 
-0.472904 0.597641 -0.197219 
-0.703243 0.262226 0.273922 
-0.460973 -0.331370 0.345784 
-0.480918 -0.326642 0.326386 
-0.473838 -0.346716 0.335642 
-0.651405 0.221403 0.187525 
-0.658473 0.203156 0.139434 
-0.459407 -0.353476 0.343198 
-0.136572 -0.333197 0.154705 
-0.197157 -0.335787 0.152705 
-0.651662 0.181236 0.177997 
-0.642898 0.202656 0.189002 
-0.715136 0.328187 0.200330 
-0.707689 0.369763 0.192461 
-0.330353 -0.271603 -0.089963 
-0.697606 0.392174 0.188678 
-0.476207 0.625968 -0.310461 
-0.682559 0.418242 0.232776 
0.426892 -0.144384 0.005276 
-0.708249 0.269136 0.090864 
0.185340 -0.193698 -0.185363 
0.267846 -0.312028 0.206116 
0.221233 -0.325890 0.208137 
0.256661 -0.332433 0.175228 
-0.257213 -0.362695 0.282109 
-0.320314 -0.361750 0.253725 
0.230380 0.034246 -0.155965 
0.270223 0.043072 -0.130753 
-0.070536 0.698062 -0.184926 
-0.066458 0.696314 -0.204117 
-0.711040 0.293933 0.085723 
-0.704910 0.329248 0.311704 
-0.686061 0.361067 0.328795 
-0.416303 -0.274095 0.180455 
-0.480164 0.535664 -0.070594 
0.141426 -0.332508 -0.130963 
-0.396102 -0.253986 0.165434 
-0.249183 -0.156960 -0.118097 
0.127158 -0.333257 -0.151967 
0.106613 -0.358600 -0.142245 
0.006725 0.133221 -0.186134 
0.053368 0.121721 -0.189532 
0.019901 0.115703 -0.217096 
0.288992 -0.016085 -0.101563 
0.292716 0.020988 -0.110652 
0.279127 0.001443 -0.124032 
0.249142 -0.214714 -0.084112 
0.272882 -0.196559 -0.068776 
0.253768 -0.235248 -0.055317 
0.091778 -0.350331 -0.166111 
-0.662765 0.138436 0.027159 
0.285659 -0.066561 -0.096563 
0.267342 -0.107467 -0.119856 
0.256059 -0.068728 -0.130185 
-0.201885 -0.283751 -0.215588 
-0.650409 0.025783 0.196250 
-0.675324 0.243146 0.044500 
-0.402180 -0.239726 0.221984 
-0.672532 0.036863 0.118201 
0.313895 0.052896 -0.074802 
0.295361 0.063817 -0.095909 
-0.050742 0.156050 -0.179742 
-0.065242 0.138466 -0.186098 
-0.094993 0.160925 -0.182059 
-0.468458 -0.366087 -0.071239 
-0.486937 -0.367030 -0.061189 
0.215113 -0.023061 -0.171436 
0.234504 -0.046435 -0.158793 
0.298028 0.116815 -0.059457 
0.270594 0.125227 -0.091776 
0.280351 0.146677 -0.075266 
-0.404354 -0.189223 0.160400 
-0.684583 0.297899 0.026923 
-0.689333 0.265740 0.043374 
0.271593 -0.043866 -0.110315 
-0.668141 0.104445 0.030808 
0.265539 -0.141700 -0.111935 
0.291257 -0.129851 -0.085151 
0.190987 -0.121556 -0.180116 
0.223282 -0.106631 -0.156045 
0.215550 -0.133065 -0.158181 
-0.694088 0.313076 0.046617 
-0.318956 0.344463 -0.031900 
-0.321906 0.354971 0.008217 
-0.283177 0.346564 0.002711 
-0.033490 0.340883 -0.053110 
0.027238 0.350369 -0.034140 
-0.018227 0.314118 -0.079346 
-0.087523 0.690892 -0.205158 
-0.083352 0.723652 -0.223509 
-0.089441 0.118860 0.394283 
0.154759 -0.342145 0.300551 
0.180986 -0.321286 0.283903 
-0.684807 0.442552 0.223985 
-0.685066 0.432680 0.260923 
0.282973 0.092829 -0.089217 
0.227282 -0.223648 -0.123996 
0.227288 -0.240566 -0.106923 
-0.693605 0.461832 0.198763 
0.131523 -0.355700 -0.112229 
-0.545919 -0.032322 0.290872 
-0.500919 -0.056343 0.299335 
-0.135775 0.794194 -0.176150 
-0.189784 0.107414 -0.192297 
-0.145567 0.112795 -0.210774 
-0.197027 0.091519 -0.216952 
0.307845 -0.070048 -0.070983 
0.305002 -0.104174 -0.073136 
-0.609785 0.165943 -0.050650 
-0.570757 0.199144 -0.069145 
0.311090 -0.132423 -0.042736 
0.274474 -0.167264 -0.091452 
0.217461 -0.257817 -0.098183 
0.223215 -0.262534 -0.065022 
-0.085926 0.632572 -0.139402 
-0.593758 0.702152 -0.316993 
-0.601448 0.698020 -0.326483 
0.296746 -0.167849 -0.049104 
0.127538 -0.342577 0.328624 
0.170359 -0.341991 0.252969 
0.146184 -0.352787 0.280032 
-0.466576 -0.285904 0.094932 
-0.442131 -0.270220 0.084544 
-0.386664 -0.243634 0.146535 
-0.040876 -0.366632 -0.172720 
0.010765 -0.359349 -0.177800 
0.049555 -0.363086 -0.159380 
0.296817 -0.183375 -0.040187 
0.293949 -0.205334 -0.047247 
-0.299632 -0.002037 -0.157210 
-0.273211 -0.034807 -0.148062 
-0.500364 -0.276463 0.034830 
-0.475730 -0.269490 0.054951 
-0.441062 -0.252847 0.055609 
-0.696680 0.455793 0.119785 
-0.544919 0.240356 0.377871 
-0.498060 -0.340186 0.198347 
-0.492286 -0.309660 0.215846 
-0.482131 -0.322420 0.192445 
-0.150605 0.084940 -0.264706 
-0.143463 0.061407 -0.282702 
-0.177957 0.058579 -0.275332 
0.262897 0.177509 -0.078142 
0.252818 0.159961 -0.097724 
-0.596269 -0.082596 0.162951 
0.331849 0.076862 0.187531 
-0.611770 0.266726 0.372658 
-0.602590 0.281779 0.386876 
-0.120613 0.144644 -0.181307 
-0.045016 -0.359283 -0.185131 
-0.024331 -0.348283 0.365861 
0.177652 -0.145283 -0.191425 
-0.291321 -0.134815 -0.105687 
-0.317601 -0.091929 -0.128193 
0.190974 -0.333956 0.224910 
-0.131006 0.124222 -0.190480 
-0.479035 0.654472 -0.349360 
-0.396667 -0.272852 0.148424 
-0.400380 -0.277827 0.135164 
0.319238 -0.093503 -0.047074 
-0.375273 0.419302 0.147604 
-0.077118 0.125538 -0.211932 
-0.023592 0.126859 -0.209424 
-0.062732 0.114440 -0.235458 
0.155573 -0.291482 -0.156333 
0.404328 -0.126652 -0.003906 
0.405991 -0.174172 -0.022051 
0.382122 -0.154305 -0.026480 
0.243861 -0.131034 -0.141180 
-0.683459 0.500592 0.211654 
0.280702 0.224414 0.029553 
0.131851 -0.286337 -0.176287 
-0.065010 -0.326892 -0.099356 
-0.147411 -0.328928 -0.108541 
-0.084931 -0.332537 -0.119574 
-0.300673 -0.354319 0.324742 
-0.311503 -0.360218 0.309457 
-0.658975 0.251169 0.016891 
-0.324538 -0.363880 -0.208334 
-0.297448 -0.367103 -0.221952 
-0.559743 0.538863 -0.272857 
-0.566176 0.520247 -0.249216 
-0.641120 -0.007745 0.017540 
-0.274167 -0.359394 -0.235729 
0.315771 0.135222 0.185523 
0.029231 -0.349053 -0.182484 
-0.407656 0.475422 0.185413 
0.017229 -0.346895 -0.112984 
0.063233 -0.352752 -0.096665 
0.034026 -0.337009 -0.099026 
-0.477074 -0.305060 0.111935 
-0.013266 0.079796 -0.262211 
-0.049002 0.084626 -0.266087 
-0.006301 0.102118 -0.244984 
0.321594 -0.140025 -0.019415 
0.338757 0.068897 0.168876 
0.413558 -0.260067 0.133618 
-0.296454 0.026212 -0.167501 
-0.271074 -0.012280 -0.170622 
-0.398286 0.458510 0.156746 
-0.393523 0.429200 0.180834 
-0.623176 -0.029440 0.204258 
-0.638438 -0.004840 0.206450 
-0.624679 -0.037765 0.178170 
-0.320470 0.050902 -0.169096 
-0.279352 0.026850 -0.172534 
0.402468 -0.260827 0.162027 
-0.198425 -0.369245 -0.201154 
-0.254039 -0.368544 -0.204198 
-0.253453 -0.368332 -0.227144 
0.146122 -0.264693 -0.169007 
-0.485607 0.622988 -0.198035 
-0.265249 0.017065 -0.185725 
-0.521148 0.707643 -0.346700 
-0.490057 0.746909 -0.448836 
-0.495174 0.741686 -0.427077 
-0.494920 0.544996 -0.015568 
-0.554973 0.472895 -0.083967 
-0.585368 0.731594 -0.360091 
-0.346460 0.360045 0.012090 
-0.344497 0.377848 0.085180 
0.434447 -0.074786 0.130985 
0.415432 -0.078988 0.163402 
-0.558035 0.567199 0.171336 
-0.554110 0.556302 0.226127 
-0.198086 0.771304 -0.103485 
-0.474583 0.552265 0.235669 
-0.518291 0.555907 0.231056 
0.427117 -0.070490 0.081541 
0.419711 -0.066040 0.116344 
0.412811 -0.068162 0.142743 
0.388090 -0.073731 0.158045 
-0.260014 0.719661 -0.028484 
0.393863 -0.063479 0.097048 
0.386111 -0.064234 0.123553 
0.395461 -0.068060 0.069276 
0.368412 -0.069578 0.129878 
-0.260993 0.707870 -0.101739 
0.362604 -0.061991 0.094994 
-0.250024 0.207591 -0.144756 
-0.474711 0.567098 0.137825 
-0.243246 0.340757 0.076526 
-0.465594 -0.330004 0.171714 
-0.649371 0.545816 0.096710 
-0.467106 0.564719 0.172083 
-0.502404 0.564389 0.198835 
-0.306312 0.339937 0.149845 
-0.269787 0.333780 -0.024106 
-0.258016 0.339134 0.013093 
-0.233423 0.328436 0.008394 
-0.540553 0.564742 0.052777 
-0.334682 0.670630 -0.055809 
-0.505127 0.561881 0.054690 
-0.518000 0.568142 0.109104 
-0.471085 0.565665 0.084829 
-0.276832 0.351335 0.075278 
-0.328090 0.362868 0.070845 
-0.286881 0.348783 0.117087 
-0.509018 0.634089 -0.157972 
-0.287401 0.324211 0.185812 
-0.707640 0.287621 0.204837 
-0.485578 -0.292539 0.290209 
-0.391618 -0.134227 0.261811 
-0.392112 -0.162638 0.240236 
-0.576161 0.746848 -0.400473 
-0.592946 0.728893 -0.383805 
-0.328968 0.351916 0.128714 
-0.338450 0.338274 0.158924 
-0.531451 0.544762 0.258813 
-0.455348 0.568821 0.060535 
-0.497113 0.750388 -0.456694 
-0.523737 0.569334 0.160471 
-0.499199 0.551013 0.006984 
-0.015680 0.146211 0.348688 
-0.577277 0.595854 -0.079775 
-0.482363 0.553697 0.022721 
-0.210905 0.672488 -0.138864 
-0.681285 0.418051 0.198340 
-0.536661 0.532152 0.280618 
-0.462235 0.564590 0.033125 
-0.493378 -0.322223 0.301195 
-0.500484 -0.312304 0.269892 
-0.510538 -0.339511 0.254461 
-0.194204 0.328027 0.000985 
-0.299499 0.355207 0.038476 
-0.495166 -0.306292 0.241626 
0.231565 0.257802 0.219220 
-0.197248 0.054159 -0.268110 
-0.206068 0.020710 -0.277888 
-0.222885 0.027440 -0.257292 
0.275903 0.235828 0.080182 
-0.659171 0.147233 0.194220 
-0.667981 0.154751 0.168287 
0.256540 0.255515 0.166590 
-0.604736 0.653898 -0.271350 
0.257267 0.259374 0.131305 
-0.330987 -0.199816 -0.087138 
-0.316104 -0.154112 -0.097927 
-0.439591 0.588253 0.031808 
0.262329 0.230265 -0.017124 
0.203127 0.269174 0.235903 
0.199832 0.293040 0.208697 
-0.513231 -0.304394 0.078265 
-0.514377 -0.287550 0.058050 
0.113118 0.131738 -0.174573 
0.103427 0.158586 -0.164916 
0.142611 0.141421 -0.169104 
0.251259 0.268335 0.071041 
0.232667 0.283236 0.159127 
0.219149 0.288827 0.187588 
0.250820 0.265596 0.033977 
0.223562 0.296324 0.093996 
0.202430 0.309514 0.155889 
0.235656 0.257847 -0.024291 
0.240747 0.270911 0.012881 
-0.651659 0.159534 0.010650 
-0.518055 0.757246 -0.444714 
-0.520718 0.750921 -0.449491 
0.222625 0.294012 0.046708 
0.178350 0.318926 0.190096 
-0.361406 0.372568 0.012923 
-0.696052 0.254164 0.306777 
0.155589 0.326209 0.197985 
-0.016442 0.134768 0.380968 
0.193683 0.320554 0.076285 
0.183418 0.327739 0.118593 
0.164337 0.335016 0.162419 
0.128629 0.329143 0.217237 
0.196606 0.301292 -0.000276 
0.185300 0.320784 0.037268 
0.145297 0.348177 0.135931 
0.129779 0.346557 0.175250 
0.161022 0.329954 0.008405 
-0.319234 0.169385 -0.159212 
-0.650735 0.442126 0.018960 
-0.248313 -0.188051 -0.092508 
-0.260666 -0.155417 -0.099756 
-0.437290 -0.189548 0.037582 
-0.176713 0.097157 0.361932 
-0.497871 -0.350456 0.303974 
-0.600668 0.707777 -0.356190 
-0.423664 -0.171055 0.175918 
-0.444535 -0.166738 0.172763 
-0.139273 0.119921 0.358027 
-0.247092 -0.253190 0.324982 
-0.263307 -0.284592 0.347137 
-0.244887 -0.239518 0.300660 
-0.222963 -0.225742 0.287636 
-0.551355 0.074540 0.317116 
-0.395152 -0.224166 -0.056589 
-0.355148 -0.233080 -0.075124 
-0.298724 0.664249 -0.091132 
-0.155303 0.093211 0.394256 
-0.200788 -0.031882 0.369553 
-0.182991 -0.022948 0.409129 
-0.208093 0.047295 0.366141 
-0.444058 -0.117210 -0.076762 
-0.209496 -0.065215 0.325879 
-0.184849 -0.072860 0.364394 
-0.380308 -0.195351 0.256967 
-0.194415 0.067825 0.373345 
-0.432342 0.328618 -0.054937 
-0.165782 -0.332723 0.034468 
-0.212387 -0.334275 0.060662 
-0.245121 -0.332284 -0.003218 
-0.233532 0.052144 -0.210551 
-0.174639 0.067498 0.399544 
-0.566399 0.134807 0.292989 
-0.154897 -0.149301 0.368452 
-0.286598 -0.298556 0.328531 
-0.533859 0.141200 -0.113472 
-0.183326 0.032042 0.410518 
-0.371264 0.650279 -0.019301 
-0.164165 -0.058146 0.403955 
-0.591349 0.579591 -0.108014 
-0.584056 0.577453 -0.069052 
-0.641057 0.393669 0.375341 
-0.286595 -0.317775 0.338528 
-0.190920 -0.000193 0.408261 
-0.489622 0.063961 -0.144100 
-0.489986 0.104753 -0.138437 
-0.465875 0.094536 -0.145324 
-0.530996 0.029450 -0.131436 
-0.528859 0.085871 -0.125992 
-0.512564 0.071392 -0.133175 
-0.420688 -0.221897 -0.030158 
-0.402187 -0.166290 -0.068450 
-0.404878 -0.170035 0.200320 
-0.427980 -0.152634 0.213459 
-0.262391 -0.312412 0.370085 
-0.396540 -0.217640 0.219377 
-0.240640 -0.266508 0.345839 
-0.418090 -0.140170 0.242037 
-0.152985 -0.108778 0.394079 
-0.588362 0.549413 -0.017555 
-0.640713 0.439248 0.343093 
-0.628410 0.484025 0.310279 
0.195799 0.282798 -0.038464 
-0.629757 0.306172 0.377263 
-0.640453 0.334795 0.385482 
-0.660213 0.304790 0.369983 
-0.507389 -0.336954 0.226380 
-0.638728 0.295936 0.375830 
-0.643107 0.364899 0.385813 
-0.658413 0.348132 0.371141 
-0.263680 -0.043354 -0.170983 
-0.593387 0.003149 0.273577 
-0.584184 -0.032800 0.257915 
-0.544183 -0.330105 0.005901 
-0.553869 -0.348084 0.011871 
0.239604 -0.299224 -0.035724 
0.270155 -0.309864 -0.021456 
-0.590109 0.028979 0.285981 
-0.650942 0.269508 0.367897 
-0.661864 0.385671 0.357531 
-0.573918 0.063207 0.302491 
-0.487253 0.158261 -0.133621 
-0.502319 0.193314 -0.109420 
-0.462443 0.196267 -0.130243 
-0.611919 0.067124 0.264371 
-0.678361 0.287706 0.355827 
-0.632103 0.265088 0.370794 
-0.509306 0.600731 -0.434410 
-0.427421 -0.350672 0.354421 
-0.181352 0.153295 -0.182165 
-0.166071 0.126924 -0.185761 
-0.547905 -0.323590 0.045965 
-0.532190 -0.305094 0.024322 
-0.630541 0.350415 -0.035763 
-0.637740 0.398395 -0.012895 
-0.616361 0.377497 -0.033930 
-0.664810 0.430418 0.323397 
0.151612 0.112464 -0.174137 
0.182737 0.123949 -0.159016 
0.176446 0.093204 -0.169741 
-0.503519 -0.357491 0.224810 
-0.407246 -0.228331 0.089647 
-0.609393 0.414715 -0.031702 
-0.548353 -0.344008 0.066463 
-0.543873 -0.324314 0.062011 
-0.534942 -0.303628 0.051125 
-0.674451 0.344855 0.352627 
-0.259051 -0.189358 -0.084429 
-0.251245 -0.230227 -0.083214 
-0.499442 0.133677 -0.128545 
-0.509949 -0.350837 0.258688 
-0.603043 0.099564 0.270809 
-0.499021 -0.359372 0.257885 
-0.664655 0.054331 0.190140 
-0.659892 0.075806 0.204899 
-0.656141 0.116335 0.209514 
-0.527322 -0.331181 0.082299 
-0.435585 0.577868 0.004604 
-0.528917 -0.354207 0.092030 
-0.640520 0.034656 0.223334 
-0.640417 0.161283 0.214278 
-0.512084 -0.141460 -0.013369 
-0.578748 0.166124 0.275666 
-0.513972 -0.333669 0.103431 
-0.637508 0.094188 0.236136 
-0.327236 0.614434 -0.079002 
-0.440785 0.034050 -0.161240 
-0.424321 0.000953 -0.163192 
-0.614284 0.122260 0.257132 
0.013239 -0.361812 -0.126923 
-0.323092 0.100723 -0.172429 
0.163879 0.312841 -0.022405 
-0.657133 0.496033 0.266159 
-0.490337 -0.350799 0.135174 
-0.620720 -0.006111 0.238867 
-0.624408 0.151848 0.236451 
-0.142802 0.803157 -0.154747 
-0.409966 -0.247953 0.093250 
-0.656618 0.464891 0.304545 
-0.487233 -0.332844 0.126813 
-0.619286 0.022127 0.253010 
-0.604711 0.186441 0.244942 
-0.590055 0.193778 0.265481 
-0.021301 0.183205 -0.171639 
-0.024515 0.212595 -0.164492 
0.019734 0.196200 -0.157478 
-0.567937 0.426552 -0.050973 
-0.600525 0.448592 -0.035178 
-0.579512 0.463454 -0.044394 
-0.603763 -0.041754 0.223523 
-0.242369 -0.356830 -0.234306 
-0.203048 -0.360007 -0.222496 
-0.048861 0.179150 -0.174565 
-0.696460 0.313473 0.337142 
-0.347959 0.127687 -0.166064 
-0.395989 0.627609 0.013366 
-0.221100 -0.019528 -0.267862 
-0.199327 -0.042886 -0.281086 
-0.199618 -0.081203 -0.270932 
-0.606302 0.334761 -0.046752 
0.073280 -0.363741 -0.117875 
0.048004 -0.364058 -0.143402 
-0.479836 0.236446 -0.103977 
-0.593972 0.242689 0.368023 
0.014159 0.238675 -0.151274 
-0.676831 0.263220 0.346907 
-0.208125 -0.009415 -0.279867 
0.221553 -0.283569 -0.047278 
-0.484744 0.688198 -0.469331 
0.125235 0.246240 -0.118432 
0.165937 0.212155 -0.115254 
0.127876 0.214821 -0.130072 
-0.063861 0.244043 -0.139394 
-0.094416 0.258041 -0.125998 
-0.051110 0.272595 -0.117380 
-0.501287 0.724906 -0.462396 
-0.040969 0.237608 -0.149891 
-0.059793 0.209692 -0.169550 
-0.069612 0.226318 -0.156998 
0.055124 0.347089 -0.039796 
0.071942 0.301230 -0.098874 
0.049029 0.275879 -0.124438 
0.034124 0.295280 -0.106468 
0.405474 -0.092427 0.023914 
0.056130 0.097108 -0.226848 
0.185324 0.159408 -0.139960 
0.219511 0.123349 -0.133720 
-0.535892 0.665061 -0.391085 
-0.457249 -0.297750 -0.050798 
-0.565565 0.736584 -0.412045 
-0.553728 0.720700 -0.409134 
-0.194463 -0.165031 -0.235878 
-0.168461 -0.215444 -0.230306 
-0.533285 0.592912 -0.377670 
-0.522602 0.596098 -0.414281 
-0.569742 0.690747 -0.363400 
-0.543801 0.623218 -0.346659 
-0.589628 0.702970 -0.365819 
-0.561730 0.664243 -0.342313 
-0.545290 0.576751 -0.322376 
-0.543042 0.557629 -0.349854 
-0.567263 0.631005 -0.292245 
-0.237931 -0.246049 -0.148314 
-0.593783 0.676162 -0.329520 
-0.604413 0.677430 -0.316187 
-0.557096 0.584994 -0.260675 
-0.593634 0.644301 -0.281064 
-0.562081 0.606841 -0.269685 
0.034108 0.324569 -0.072060 
0.098845 0.283298 -0.106835 
0.088810 0.257445 -0.125224 
-0.460490 -0.283173 -0.031575 
-0.505328 -0.301578 -0.021046 
-0.548807 0.510585 -0.264726 
-0.560844 0.556600 -0.228840 
-0.224158 0.251886 -0.121090 
-0.257664 0.227074 -0.138161 
-0.225988 0.270047 -0.104513 
0.192058 -0.361145 0.084162 
0.159708 -0.350521 0.067137 
0.162970 -0.360556 0.043136 
0.080043 -0.359650 -0.086074 
0.091449 -0.362762 -0.045526 
0.056666 -0.360287 -0.023016 
-0.115902 0.276483 -0.110550 
-0.095543 0.187551 -0.170884 
-0.202830 -0.127771 -0.241993 
-0.222296 -0.067851 -0.254905 
-0.236750 -0.036546 -0.250794 
-0.238637 -0.010621 -0.245947 
-0.600516 0.629753 -0.243223 
0.265516 0.080024 -0.119637 
0.241157 0.081634 -0.139123 
-0.219187 -0.103320 -0.233932 
-0.238318 -0.059712 -0.231867 
-0.178602 0.088573 -0.244797 
-0.211756 0.063266 -0.243877 
-0.234879 0.027701 -0.233142 
-0.578070 0.592288 -0.205643 
0.054525 0.251275 -0.140203 
0.080295 0.145770 -0.168968 
0.047935 0.138383 -0.170400 
0.054284 0.153677 -0.162254 
-0.231752 -0.107819 -0.211348 
-0.253809 -0.037674 -0.211756 
-0.249067 0.001068 -0.222393 
-0.600997 0.627201 -0.216948 
-0.217238 -0.149815 -0.213515 
-0.254173 -0.016670 -0.207459 
-0.567291 0.571064 -0.192335 
-0.222046 -0.158339 -0.190433 
-0.249190 -0.075256 -0.190038 
-0.597632 0.603202 -0.183413 
-0.005144 0.148229 -0.174686 
-0.210515 -0.212314 -0.192184 
-0.237423 -0.127963 -0.173871 
-0.337912 -0.349036 -0.185343 
-0.347977 -0.359696 -0.163264 
-0.323246 -0.347809 -0.208281 
-0.313728 -0.307789 -0.183882 
-0.291556 -0.300620 -0.205532 
-0.226573 -0.181112 -0.162868 
-0.621081 0.206277 0.224995 
-0.349652 0.623648 -0.062499 
-0.371722 0.633715 -0.038663 
-0.581133 0.571858 -0.163702 
-0.233885 -0.334462 -0.230216 
-0.052333 -0.346643 -0.192411 
0.024625 -0.329342 0.197926 
0.040120 -0.323238 0.254269 
-0.020208 -0.329199 0.192061 
-0.580188 0.521007 -0.128712 
0.102966 0.324768 -0.052244 
0.071926 0.318684 -0.075117 
-0.343851 -0.326983 -0.161236 
-0.261295 -0.262047 -0.170435 
-0.259962 -0.074143 -0.159137 
-0.264337 -0.283208 -0.207282 
-0.563080 0.504828 -0.154652 
-0.579324 0.531461 -0.151938 
-0.573038 0.552349 -0.145009 
-0.572594 0.542048 -0.148241 
-0.123284 0.773292 -0.198984 
-0.140662 0.738459 -0.185093 
-0.163670 0.748746 -0.166087 
-0.355082 -0.343924 -0.135870 
-0.113459 -0.357141 -0.199250 
-0.590038 0.570091 -0.144994 
-0.178057 0.775238 -0.136973 
-0.336501 -0.304576 -0.137515 
-0.231344 -0.226952 -0.135087 
-0.235455 -0.189567 -0.136301 
-0.434165 -0.366288 -0.085336 
-0.593429 0.571471 -0.126856 
0.222412 0.157983 -0.120507 
0.243888 0.138075 -0.111738 
-0.213146 0.172748 -0.174481 
-0.570193 0.500383 -0.108310 
-0.345330 -0.300721 -0.108472 
-0.239124 -0.203242 -0.109956 
0.198253 0.259538 -0.062815 
0.203791 0.236019 -0.080317 
0.156373 0.254878 -0.100143 
-0.358518 -0.360532 0.303703 
-0.593188 -0.059639 -0.040706 
-0.567758 -0.053455 -0.071485 
-0.550794 -0.078447 -0.057099 
-0.640562 0.223828 0.217993 
-0.576443 0.536561 -0.110001 
-0.359117 -0.327936 -0.107122 
-0.239840 -0.229358 -0.106127 
0.033408 0.169018 -0.164425 
-0.079565 0.097741 -0.258194 
-0.115231 0.092170 -0.262264 
0.216447 0.203871 -0.096472 
0.193497 0.210273 -0.103780 
-0.584926 0.547540 -0.098576 
-0.559900 -0.013902 -0.105081 
-0.588273 0.008659 -0.087509 
-0.565114 0.019656 -0.115815 
-0.258558 -0.356393 0.358867 
-0.131634 0.102493 -0.245206 
-0.250273 0.732102 -0.088861 
0.089181 0.346951 -0.024341 
0.030367 -0.333162 -0.029013 
0.017778 -0.355022 0.017765 
-0.006201 -0.339156 0.036470 
-0.584494 0.507994 -0.068304 
-0.594347 0.046174 -0.089375 
-0.611718 0.078542 -0.071989 
-0.581173 0.070572 -0.104265 
-0.601844 0.102693 -0.081014 
-0.215608 0.224422 -0.137576 
-0.587869 0.548038 -0.069381 
-0.609274 0.018523 -0.066953 
-0.622199 0.116907 -0.052538 
-0.579769 0.526633 -0.068940 
-0.099617 0.215709 -0.154078 
-0.616951 0.048920 -0.059612 
-0.199927 0.315605 -0.034188 
-0.250834 0.314879 -0.045157 
-0.163542 -0.359248 -0.213670 
-0.190707 -0.339027 -0.222794 
0.123991 0.035747 -0.221260 
0.100091 0.071254 -0.223689 
0.127987 0.063516 -0.207314 
-0.128420 -0.321352 -0.210663 
-0.633875 0.087801 -0.047272 
0.120750 0.291651 -0.087242 
-0.570413 0.475214 -0.054646 
0.145789 0.076941 -0.190219 
0.173282 0.036707 -0.190488 
0.372990 -0.101987 0.012956 
-0.181557 -0.330279 -0.084778 
-0.061888 0.055538 -0.279343 
-0.589489 0.532741 -0.042662 
-0.167232 0.222172 -0.150518 
-0.208283 0.196191 -0.162626 
-0.605928 -0.013405 -0.053592 
-0.636395 0.058645 -0.043181 
-0.149205 -0.330895 -0.034722 
-0.134412 0.253039 -0.131486 
-0.180360 0.254759 -0.119047 
-0.140012 0.289517 -0.084911 
0.056976 0.230530 -0.149440 
-0.425478 -0.189675 -0.025610 
-0.413193 -0.166935 -0.058076 
-0.572421 -0.086997 -0.017466 
-0.632603 0.012442 -0.033387 
-0.129693 0.224646 -0.149685 
-0.591427 0.494927 -0.033277 
-0.434832 -0.245680 -0.011707 
-0.615787 -0.039703 -0.022835 
-0.629376 -0.007081 -0.018371 
-0.649329 0.062359 -0.022979 
-0.643230 0.121925 -0.025038 
-0.618715 0.209887 -0.015430 
-0.581208 0.223426 -0.047934 
-0.447197 -0.260386 0.001624 
-0.054078 0.310265 -0.086850 
-0.511874 -0.108245 -0.052040 
-0.550465 -0.112772 -0.005522 
-0.635149 0.159354 -0.025169 
-0.620604 0.231165 -0.006748 
-0.597822 0.518317 -0.019120 
-0.390686 0.626199 -0.020359 
-0.483316 -0.277058 0.003701 
-0.415900 -0.259582 -0.045232 
-0.439369 -0.170215 -0.008243 
-0.429100 -0.151940 -0.043975 
-0.604211 -0.061739 -0.006459 
-0.649919 0.015399 -0.000593 
-0.654282 0.110616 -0.005083 
-0.617254 0.467795 -0.011702 
-0.660715 0.039263 0.007006 
-0.655539 0.075647 -0.000359 
-0.092342 0.308668 -0.074223 
-0.231616 -0.365360 0.112391 
-0.413120 0.572510 -0.019003 
-0.529170 -0.308206 0.001474 
-0.514444 -0.288642 0.012030 
-0.666719 0.289409 -0.001361 
-0.673017 0.329879 0.004388 
-0.654428 0.327153 -0.020891 
-0.660624 0.350564 -0.011359 
0.197593 0.059669 -0.173495 
0.220031 0.071490 -0.155675 
-0.611893 0.524214 0.004625 
-0.627155 -0.044396 0.013462 
0.236722 0.199461 -0.084512 
-0.423947 0.601444 0.010519 
-0.610306 -0.069147 0.023248 
0.201360 0.021088 -0.176933 
0.057659 0.075500 -0.241827 
0.089626 0.047443 -0.235843 
0.233321 0.232396 -0.062560 
-0.068918 0.332268 -0.059543 
-0.149913 0.300259 -0.072975 
0.166717 0.274378 -0.076540 
0.325832 -0.160530 -0.026430 
0.140626 0.303034 -0.058696 
0.104693 0.092559 -0.201969 
0.339384 -0.092044 0.007242 
0.125055 -0.362308 0.017538 
0.117102 -0.348208 0.027993 
0.107102 -0.352304 0.029713 
0.029155 -0.326926 -0.061771 
-0.010620 -0.329778 0.018316 
0.136834 0.187039 -0.135492 
0.145333 0.169748 -0.147750 
0.132769 0.157871 -0.164216 
-0.160492 0.315884 -0.046763 
-0.274245 0.294974 -0.081318 
-0.276079 0.313824 -0.063376 
0.349784 -0.131250 -0.009298 
-0.037916 -0.324325 0.280490 
-0.016812 0.231989 -0.150238 
0.351526 -0.091620 0.023037 
0.352570 -0.172136 -0.036507 
-0.269646 -0.363951 0.173823 
-0.124115 0.331056 -0.027894 
-0.473774 0.523328 -0.012455 
-0.467052 0.544509 0.007641 
-0.265130 -0.366634 0.095060 
-0.285168 -0.368130 0.034944 
-0.454463 0.501616 -0.014433 
-0.448590 0.531678 -0.005029 
-0.194313 -0.308611 -0.223193 
-0.212167 0.297152 -0.068898 
-0.092705 0.335672 -0.039746 
0.303351 -0.276226 -0.034600 
-0.435553 0.468594 -0.017121 
-0.429339 0.427520 -0.031084 
-0.434817 0.398810 -0.043004 
-0.382847 0.214798 -0.141417 
-0.365757 0.227927 -0.133604 
-0.348414 0.204320 -0.143650 
-0.002357 -0.354148 0.063131 
-0.459512 0.295078 -0.071678 
-0.415652 0.399283 -0.030508 
-0.256961 0.279719 -0.091153 
0.095665 0.175398 -0.152204 
-0.409553 0.325346 -0.056148 
-0.399804 0.304115 -0.082522 
-0.424746 0.258876 -0.111929 
-0.462043 0.273240 -0.086775 
-0.101492 -0.337051 -0.201695 
0.019076 0.061557 -0.256999 
-0.398350 0.362975 -0.031476 
-0.388175 0.346671 -0.036823 
-0.432130 0.356946 -0.047393 
-0.374336 0.366858 -0.010110 
-0.381404 0.275738 -0.110068 
-0.367364 0.329593 -0.064254 
-0.374354 0.252214 -0.122022 
-0.364872 0.296838 -0.097921 
-0.344536 0.308609 -0.088417 
-0.355058 0.347241 -0.037327 
-0.341592 0.275983 -0.112540 
-0.322109 0.323219 -0.073062 
-0.324489 0.245486 -0.123714 
-0.318545 0.335866 -0.053644 
-0.579472 0.199817 0.283750 
0.029090 0.211237 -0.154404 
-0.307616 0.278734 -0.104502 
0.086721 -0.348412 0.341247 
-0.304491 0.303845 -0.088424 
-0.292133 0.327491 -0.055985 
0.382165 -0.181177 -0.035316 
-0.280206 -0.355358 0.176018 
0.075999 0.209356 -0.148817 
-0.284434 0.260905 -0.115957 
-0.285846 0.227014 -0.139421 
0.181169 -0.011941 -0.194498 
-0.292545 -0.354404 0.186324 
-0.588654 0.245813 -0.035283 
-0.541972 0.196756 -0.087861 
-0.563930 0.293188 -0.060260 
-0.580786 0.270067 -0.050116 
-0.575257 0.343890 -0.061323 
-0.587618 0.371540 -0.053168 
0.363581 -0.220552 -0.039205 
-0.399885 0.186054 -0.147277 
-0.421395 0.219435 -0.135061 
0.339878 -0.217882 -0.048397 
0.338794 -0.198585 -0.046131 
0.333764 -0.241808 -0.045734 
-0.366506 -0.070767 -0.123095 
0.170729 -0.178148 -0.198808 
-0.519027 -0.012737 -0.130899 
-0.342788 0.578198 -0.066283 
-0.451218 0.131672 -0.146908 
-0.531969 -0.072449 -0.083564 
-0.492108 -0.066386 -0.117197 
-0.492782 -0.088770 -0.093708 
-0.384733 0.562926 -0.039685 
-0.536319 -0.046921 -0.105764 
0.281932 -0.263276 -0.046662 
-0.442083 0.172197 -0.141579 
-0.418901 0.124566 -0.163739 
-0.445030 0.106133 -0.157554 
0.295480 -0.230081 -0.051135 
-0.443174 -0.059496 -0.133911 
-0.491148 -0.368668 -0.039169 
-0.551364 0.405512 -0.059298 
-0.478270 0.035091 -0.146498 
-0.422355 0.155627 -0.152060 
-0.417090 0.074589 -0.168885 
-0.445284 0.069725 -0.160096 
-0.338028 -0.031630 -0.145407 
-0.412643 -0.131174 -0.071268 
0.256991 -0.252847 -0.048838 
-0.487856 -0.000751 -0.144507 
-0.374051 -0.020761 -0.149604 
-0.352495 0.177766 -0.156343 
-0.387067 0.003871 -0.163285 
-0.348819 0.556870 -0.055765 
-0.342866 0.001490 -0.156465 
-0.487980 -0.124039 -0.053032 
-0.374114 -0.195046 -0.078111 
-0.356516 -0.167840 -0.092746 
-0.370282 -0.129986 -0.099579 
-0.343968 -0.145807 -0.102334 
-0.320179 -0.367860 0.205884 
-0.461255 -0.015562 -0.148074 
-0.344507 0.041714 -0.167103 
-0.338967 -0.064430 -0.136602 
0.102100 -0.324229 -0.171924 
-0.026256 0.039855 -0.278646 
-0.501411 -0.045417 -0.128009 
0.174489 -0.112497 -0.200974 
0.168929 -0.069624 -0.205579 
-0.389078 0.144767 -0.165222 
0.155020 -0.232737 -0.190258 
-0.349732 -0.094441 -0.121733 
0.147535 -0.021284 -0.212028 
0.152636 -0.209347 -0.207170 
0.149181 -0.150845 -0.208578 
0.149932 -0.113072 -0.216706 
0.135713 -0.089143 -0.224720 
0.120135 -0.061494 -0.227342 
0.119819 -0.234112 -0.201740 
0.115478 -0.168002 -0.218920 
0.128713 -0.200590 -0.216159 
-0.161256 0.036567 -0.289254 
0.110959 -0.131504 -0.228167 
0.118703 -0.039862 -0.226266 
-0.678850 0.242940 0.182450 
0.106718 -0.276833 -0.188815 
0.093650 0.012639 -0.235166 
-0.010767 -0.348565 0.098926 
-0.028241 -0.333435 0.099708 
0.102225 -0.253516 -0.202915 
0.081857 -0.207224 -0.227493 
0.088453 -0.053055 -0.239845 
0.087668 -0.108685 -0.236156 
0.093811 -0.090706 -0.241139 
0.081744 -0.014625 -0.244627 
0.081296 -0.287667 -0.190494 
0.062427 -0.280854 -0.192424 
0.077568 -0.248714 -0.212079 
0.078810 -0.185069 -0.229233 
0.058288 -0.150589 -0.237950 
0.074446 -0.142311 -0.237992 
0.039603 -0.307730 -0.183917 
0.048056 -0.125231 -0.248857 
0.033565 -0.329601 -0.184717 
0.041471 -0.103591 -0.250137 
0.049660 -0.084150 -0.256211 
0.066873 -0.057328 -0.255240 
0.056045 0.026497 -0.250892 
0.050829 0.048465 -0.251782 
0.045423 -0.235584 -0.222539 
0.041249 -0.178986 -0.236176 
0.058094 -0.018089 -0.257657 
0.052229 -0.204759 -0.233558 
0.036847 -0.061436 -0.264061 
0.037831 -0.028855 -0.262970 
0.033506 -0.275094 -0.204730 
0.028513 -0.257354 -0.221826 
0.025297 -0.163133 -0.248231 
0.014176 0.022085 -0.266247 
0.005795 -0.086881 -0.263374 
0.009834 -0.240116 -0.232001 
0.004531 -0.221130 -0.233196 
0.016373 -0.200994 -0.239467 
-0.001745 -0.293526 -0.192009 
-0.001594 -0.021868 -0.273458 
-0.007359 -0.278369 -0.208698 
-0.009038 -0.170504 -0.254955 
-0.006619 -0.131779 -0.263591 
-0.035092 -0.331664 -0.194213 
-0.013017 -0.259714 -0.228726 
-0.017217 -0.060233 -0.274261 
-0.003264 0.008746 -0.278032 
-0.033691 -0.116039 -0.266489 
-0.060733 -0.308085 -0.198022 
-0.027880 -0.228764 -0.240411 
-0.033704 0.007578 -0.286336 
-0.039989 -0.199571 -0.250975 
-0.040835 -0.027041 -0.286411 
-0.045281 -0.093903 -0.274615 
-0.061970 -0.293189 -0.199771 
-0.067212 -0.265540 -0.228365 
-0.046888 -0.164662 -0.265156 
-0.056427 -0.053521 -0.284476 
-0.153506 -0.334263 -0.131607 
-0.063054 -0.280123 -0.217356 
-0.062512 -0.244226 -0.237457 
-0.065161 -0.136042 -0.273981 
-0.072025 -0.201785 -0.257194 
-0.081036 -0.215513 -0.255279 
-0.070321 -0.170368 -0.263179 
-0.065718 -0.018832 -0.289683 
-0.080540 -0.105492 -0.279075 
-0.076438 -0.069785 -0.287820 
-0.112583 -0.031808 -0.294158 
-0.085625 0.006958 -0.294150 
-0.105111 -0.228794 -0.246415 
-0.094140 -0.171238 -0.269533 
-0.101153 -0.095606 -0.289777 
-0.203137 -0.336723 0.120025 
-0.114494 -0.350971 -0.137503 
-0.104632 0.743935 -0.214951 
-0.132689 -0.294730 -0.211426 
-0.120354 -0.280924 -0.213051 
-0.110561 -0.142658 -0.281741 
-0.236795 -0.333289 0.247535 
-0.122421 -0.057425 -0.297014 
-0.121195 -0.004871 -0.299469 
-0.512634 -0.366547 -0.047144 
-0.131328 -0.256724 -0.227297 
-0.128482 -0.156879 -0.274583 
0.297157 -0.311577 0.190879 
-0.137379 -0.085511 -0.293800 
0.072061 -0.349808 0.034601 
0.030323 -0.363795 0.038024 
0.072973 -0.363547 0.013116 
-0.147513 -0.180192 -0.259225 
-0.135570 -0.118777 -0.287789 
-0.141399 0.011777 -0.298132 
-0.161733 0.711619 -0.167956 
-0.479875 -0.360764 0.179638 
-0.491403 -0.357022 0.185495 
-0.154568 -0.035978 -0.298389 
-0.162024 -0.268595 -0.213613 
-0.167453 -0.112022 -0.279218 
-0.532558 -0.361666 0.074883 
-0.176048 -0.068968 -0.290963 
-0.177303 -0.040003 -0.293362 
-0.177160 -0.000886 -0.292923 
-0.614970 0.242848 0.356464 
-0.456339 -0.142435 0.220016 
0.109459 -0.362073 0.165022 
0.118066 -0.358810 0.282650 
0.100855 -0.358938 0.241734 
0.065180 -0.358539 0.277149 
0.093421 -0.356326 0.325720 
-0.125880 -0.359113 0.333852 
0.025148 -0.351313 0.351735 
0.037579 -0.365347 0.070054 
0.024067 -0.364367 0.089891 
-0.137802 -0.358753 0.376497 
-0.219011 -0.357045 0.386315 
0.170064 -0.345583 0.106837 
0.164308 -0.351515 0.138856 
0.133665 -0.360386 0.168444 
0.342960 -0.310063 0.122340 
-0.010778 -0.342398 0.129782 
0.013010 -0.347664 0.161861 
-0.008387 -0.333626 0.156110 
0.022077 -0.360463 0.144056 
0.007009 -0.359185 0.119485 
0.315332 -0.315000 0.158593 
-0.201169 -0.360296 0.332238 
-0.072651 -0.332061 0.118996 
-0.017940 -0.350781 -0.121740 
0.182886 -0.359083 0.135568 
0.077091 -0.342034 0.235555 
-0.062137 -0.357619 0.363028 
-0.021599 -0.358559 0.348577 
0.153467 -0.356363 0.214128 
0.101484 -0.362425 0.163727 
-0.490730 -0.357740 0.301122 
0.049333 -0.333493 -0.077683 
0.228192 -0.357834 0.075162 
-0.023771 -0.327525 -0.021241 
-0.072074 -0.327972 -0.057202 
0.068634 -0.337511 0.259081 
0.064068 -0.359603 0.183854 
-0.610931 0.209123 0.260754 
-0.651352 0.230830 0.232456 
-0.438929 -0.184328 0.066687 
0.125635 -0.352829 0.315483 
0.037691 -0.359098 0.332151 
0.047531 -0.356658 0.050052 
-0.680009 0.249948 0.217394 
0.247376 -0.351446 0.053684 
0.215885 -0.357328 0.122405 
0.068793 -0.343232 0.217670 
0.180278 -0.350876 0.193639 
-0.686453 0.245082 0.251014 
-0.272919 -0.350869 0.118478 
-0.689749 0.243485 0.288270 
0.057476 -0.344435 -0.051673 
-0.654524 0.225557 0.261633 
0.121287 -0.362144 -0.022672 
0.107416 -0.361630 -0.110781 
-0.670793 0.229355 0.283869 
-0.008705 -0.325762 -0.079338 
-0.667632 0.234468 0.321356 
-0.018891 -0.331632 -0.108208 
-0.495309 -0.361270 0.118520 
-0.686310 0.253558 0.326875 
-0.647663 0.221479 0.301783 
-0.086280 -0.323069 0.296859 
0.255833 -0.346622 0.124317 
-0.015595 -0.364913 -0.147734 
-0.618222 0.212986 0.289722 
-0.632492 0.227898 0.337955 
-0.644563 0.245144 0.355471 
0.052781 -0.327081 0.225819 
0.034250 -0.341497 0.189188 
-0.599538 0.214638 0.324936 
0.228264 -0.348139 0.151870 
-0.178219 -0.325818 0.294025 
-0.580440 -0.104182 0.138463 
-0.531437 -0.143126 0.027328 
-0.588761 -0.075169 0.201796 
-0.543468 -0.145597 0.067249 
-0.556371 -0.133132 0.092389 
-0.556285 -0.132999 0.116209 
-0.574437 0.227282 0.356951 
0.050902 -0.356118 0.185830 
-0.557250 -0.127975 0.143635 
-0.548123 -0.112952 0.190750 
-0.566353 -0.093365 0.208363 
-0.550523 0.223738 0.346666 
-0.492775 -0.161646 0.032360 
-0.523831 -0.158291 0.080686 
-0.537452 -0.140887 0.151388 
-0.568304 -0.071577 0.240198 
-0.450913 -0.172474 0.019978 
-0.527826 -0.367483 -0.001510 
-0.523584 -0.157342 0.117341 
-0.468029 -0.174210 0.061839 
-0.493397 -0.170567 0.099822 
-0.509233 -0.158969 0.138335 
-0.532329 -0.099920 0.237889 
-0.495418 -0.369101 0.021569 
-0.510805 -0.150037 0.164897 
-0.541531 -0.078661 0.259037 
-0.544939 -0.060404 0.274893 
-0.514564 -0.366498 0.066692 
-0.512287 -0.127298 0.208581 
0.061936 -0.358883 0.138590 
-0.427704 -0.368917 -0.069733 
-0.447871 -0.369435 -0.001656 
-0.467323 -0.175533 0.126400 
-0.505009 -0.088652 0.271706 
-0.472122 -0.365188 0.129160 
-0.447698 -0.183427 0.102633 
-0.475548 -0.164598 0.156280 
-0.484266 -0.145301 0.196007 
-0.486548 -0.120405 0.243240 
-0.402980 -0.369162 -0.013846 
-0.440813 -0.368208 0.107301 
-0.444981 -0.116130 0.267865 
-0.462889 -0.081378 0.295404 
-0.363175 -0.368208 -0.097857 
-0.338293 -0.367895 -0.167477 
-0.301733 -0.368243 -0.180454 
-0.344351 -0.368378 -0.095739 
-0.406651 -0.368494 0.106893 
-0.473969 -0.362702 0.243662 
-0.354452 -0.368342 -0.006835 
-0.359645 -0.369132 0.027242 
-0.412830 -0.370599 0.121115 
-0.425988 -0.364346 0.203854 
-0.414102 -0.110662 0.282274 
-0.314034 -0.365279 -0.091689 
-0.392440 -0.368033 0.061390 
-0.349070 -0.367590 0.049140 
-0.359986 -0.353483 0.061753 
-0.442409 -0.362118 0.277154 
-0.468194 -0.360049 0.320938 
-0.269003 -0.366584 -0.156731 
-0.315406 -0.366430 -0.014368 
-0.282540 -0.352483 -0.114694 
-0.303173 -0.348711 -0.056093 
-0.391108 -0.105013 0.285810 
-0.241419 -0.353156 -0.146764 
-0.255309 -0.337988 -0.123486 
-0.290917 -0.330792 -0.055850 
-0.208758 -0.366012 -0.163192 
-0.299747 -0.347547 0.082460 
-0.358202 -0.361931 0.233191 
-0.396237 -0.361731 0.264693 
-0.199277 -0.350662 -0.148300 
-0.235038 -0.329866 -0.107380 
-0.253445 -0.333262 -0.004014 
-0.212850 -0.331666 -0.131527 
-0.295294 -0.365804 0.065347 
-0.420632 -0.187185 0.129850 
